0 L 4 18 1
0 L 5 49 1
0 L 3 15 1
0 L 7 89 1
0 L 9 4 1
0 L 4 5 1
0 D 0 18 1
0 D 0 15 1
0 D 0 4 1
1 L 4 2 1
1 L 3 4 1
1 L 9 2 1
1 L 5 2 1
1 D 2 2 1
1 D 2 2 1
2 L 6 3 1
2 L 1 2 1
2 L 9 3 1
2 L 4 2 1
2 D 4 3 1
2 D 4 3 1
3 L 2 18 1
3 L 4 6 1
3 L 3 8 1
3 D 6 18 1
3 D 6 8 1
4 L 8 69 1
4 L 0 7 1
4 L 5 9 1
4 L 3 11 1
4 L 7 6 1
4 D 8 69 1
4 D 8 9 1
4 D 8 6 1
5 L 3 5 1
5 L 7 6 1
5 L 5 4 1
5 L 2 7 1
5 L 4 3 1
5 L 0 7 1
5 L 8 1 1
5 L 9 5 1
5 L 6 4 1
5 D 10 5 1
5 D 10 4 1
5 D 10 3 1
5 D 10 1 1
5 D 10 4 1
6 L 3 8 1
6 L 5 9 1
6 L 4 9 1
6 L 0 9 1
6 L 7 11 1
6 L 2 6 1
6 D 12 8 1
6 D 12 9 1
6 D 12 11 1
7 L 3 4 1
7 L 5 2 1
7 L 7 4 1
7 L 0 5 1
7 L 4 6 1
7 D 14 4 1
7 D 14 4 1
7 D 14 6 1
8 L 9 3 1
8 L 4 5 1
8 L 1 3 1
8 L 6 7 1
8 L 3 2 1
8 L 5 3 1
8 L 7 4 1
8 L 0 1 1
8 L 2 2 1
8 D 16 3 1
8 D 16 3 1
8 D 16 2 1
8 D 16 4 1
8 D 16 2 1
9 L 5 48 1
9 L 3 5 1
9 L 7 6 1
9 L 5 9 1
9 L 2 5 1
9 D 18 48 1
9 D 18 6 1
9 D 18 5 1
10 L 5 33 1
10 L 3 1 1
10 L 5 3 1
10 L 4 1 1
10 D 20 33 1
10 D 20 3 1
11 L 0 36 1
11 L 4 2 1
11 L 6 3 1
11 L 9 4 1
11 L 3 4 1
11 L 5 3 1
11 D 22 36 1
11 D 22 3 1
11 D 22 4 1
12 L 9 6 1
12 L 4 6 1
12 L 6 7 1
12 L 1 11 1
12 L 3 8 1
12 L 5 8 1
12 L 7 5 1
12 D 24 6 1
12 D 24 7 1
12 D 24 8 1
12 D 24 5 1
13 L 7 1 1
13 L 5 2 1
13 L 9 2 1
13 L 0 4 1
13 L 8 6 1
13 L 6 1 1
13 D 26 1 1
13 D 26 2 1
13 D 26 6 1
14 L 0 6 1
14 L 5 2 1
14 L 3 3 1
14 L 4 1 1
14 L 6 2 1
14 L 7 5 1
14 L 2 6 1
14 L 9 3 1
14 L 1 8 1
14 D 28 6 1
14 D 28 3 1
14 D 28 2 1
14 D 28 6 1
14 D 28 8 1
15 L 8 32 1
15 L 3 42 1
15 L 2 7 1
15 D 30 32 1
15 D 30 7 1
16 L 8 68 1
16 L 0 5 1
16 L 5 1 1
16 L 3 6 1
16 D 32 68 1
16 D 32 1 1
17 L 5 63 1
17 L 6 13 1
17 L 4 12 1
17 L 9 6 1
17 L 1 8 1
17 L 3 7 1
17 L 5 6 1
17 D 34 63 1
17 D 34 12 1
17 D 34 8 1
17 D 34 6 1
18 L 6 6 1
18 L 4 6 1
18 D 36 6 1
19 L 1 19 1
19 L 2 84 1
19 D 38 19 1
20 L 9 3 1
20 L 4 5 1
20 D 40 3 1
21 L 9 4 1
21 L 4 3 1
21 L 1 5 1
21 L 6 1 1
21 L 3 3 1
21 L 5 5 1
21 L 7 5 1
21 D 42 4 1
21 D 42 5 1
21 D 42 3 1
21 D 42 5 1
22 L 1 64 1
22 L 4 8 1
22 L 3 4 1
22 L 5 7 1
22 L 9 5 1
22 D 44 64 1
22 D 44 4 1
22 D 44 5 1
23 L 0 5 1
23 L 6 11 1
23 L 5 4 1
23 D 46 5 1
23 D 46 4 1
24 L 6 2 1
24 L 1 1 1
24 L 4 2 1
24 L 9 2 1
24 L 5 1 1
24 L 0 2 1
24 L 7 1 1
24 D 48 2 1
24 D 48 2 1
24 D 48 1 1
24 D 48 1 1
25 L 6 7 1
25 L 4 4 1
25 D 50 7 1
26 L 6 70 1
26 L 0 50 1
26 L 3 69 1
26 L 9 46 1
26 D 52 70 1
26 D 52 69 1
27 L 7 2 1
27 L 2 4 1
27 D 54 2 1
28 L 4 4 1
28 L 9 8 1
28 L 3 8 1
28 L 5 8 1
28 D 56 4 1
28 D 56 8 1
29 L 2 83 1
29 L 4 7 1
29 L 9 4 1
29 L 3 3 1
29 L 5 3 1
29 D 58 83 1
29 D 58 4 1
29 D 58 3 1
0 L 4 5 1
0 L 3 10 1
0 L 5 8 1
0 L 6 8 1
0 L 0 8 1
0 D 1 5 1
0 D 1 8 1
0 D 1 8 1
1 L 3 77 1
1 L 8 19 1
1 L 1 78 1
1 D 5 77 1
1 D 5 78 1
2 L 0 4 1
2 L 3 2 1
2 L 7 1 1
2 D 9 4 1
2 D 9 1 1
3 L 8 78 1
3 L 3 10 1
3 L 7 5 1
3 L 5 8 1
3 D 13 78 1
3 D 13 5 1
4 L 4 5 1
4 L 3 8 1
4 D 17 5 1
5 L 2 12 1
5 L 1 47 1
5 L 0 5 1
5 L 5 2 1
5 D 21 12 1
5 D 21 5 1
6 L 6 4 1
6 L 4 7 1
6 L 5 5 1
6 L 3 2 1
6 L 0 3 1
6 L 9 2 1
6 D 25 4 1
6 D 25 5 1
6 D 25 3 1
7 L 3 36 1
7 L 2 72 1
7 D 29 36 1
8 L 3 75 1
8 L 4 1 1
8 L 9 2 1
8 D 33 75 1
8 D 33 2 1
9 L 1 55 1
9 L 3 4 1
9 L 5 6 1
9 D 37 55 1
9 D 37 6 1
10 L 3 5 1
10 L 5 6 1
10 L 0 2 1
10 L 7 7 1
10 L 4 13 1
10 D 41 5 1
10 D 41 2 1
10 D 41 13 1
11 L 3 7 1
11 L 5 6 1
11 D 45 7 1
12 L 3 11 1
12 L 5 6 1
12 L 7 3 1
12 D 49 11 1
12 D 49 3 1
13 L 0 54 1
13 L 0 46 1
13 L 5 3 1
13 L 7 3 1
13 D 53 54 1
13 D 53 3 1
14 L 5 48 1
14 L 6 6 1
14 L 4 8 1
14 L 9 8 1
14 D 57 48 1
14 D 57 8 1
15 L 4 5 1
15 L 3 9 1
15 L 6 8 1
15 D 60 5 1
15 D 60 8 1
16 L 3 4 1
16 L 5 16 1
16 L 4 8 1
16 L 7 9 1
16 L 0 8 1
16 L 2 4 1
16 L 9 6 1
16 L 8 6 1
16 L 6 11 1
16 D 62 4 1
16 D 62 8 1
16 D 62 8 1
16 D 62 6 1
16 D 62 11 1
17 L 5 34 1
17 L 2 64 1
17 L 3 8 1
17 D 64 34 1
17 D 64 8 1
18 L 2 28 1
18 L 3 22 1
18 L 3 11 1
18 L 4 7 1
18 D 66 28 1
18 D 66 11 1
19 L 4 7 1
19 L 9 8 1
19 L 3 3 1
19 D 68 7 1
19 D 68 3 1
20 L 9 23 1
20 L 8 13 1
20 L 7 18 1
20 D 70 23 1
20 D 70 18 1
21 L 3 68 1
21 L 2 15 1
21 L 8 42 1
21 D 72 68 1
21 D 72 42 1
22 L 4 9 1
22 L 9 6 1
22 L 6 6 1
22 D 74 9 1
22 D 74 6 1
23 L 8 41 1
23 L 4 8 1
23 L 3 8 1
23 L 5 8 1
23 D 76 41 1
23 D 76 8 1
24 L 4 7 1
24 L 3 8 1
24 L 5 7 1
24 L 9 7 1
24 L 7 14 1
24 L 0 11 1
24 L 2 6 1
24 L 6 10 1
24 D 78 7 1
24 D 78 7 1
24 D 78 14 1
24 D 78 6 1
25 L 1 16 1
25 L 3 7 1
25 L 4 6 1
25 L 5 7 1
25 D 80 16 1
25 D 80 6 1
26 L 2 28 1
26 D 82 28 1
27 L 0 67 1
27 L 0 57 1
27 L 7 53 1
27 L 0 9 1
27 D 84 67 1
27 D 84 53 1
28 L 6 69 1
28 L 7 4 1
28 L 3 4 1
28 D 86 69 1
28 D 86 4 1
29 L 5 3 1
29 L 0 1 1
29 L 3 3 1
29 L 7 6 1
29 L 2 2 1
29 L 4 1 1
29 L 8 2 1
29 L 6 3 1
29 L 9 3 1
29 L 1 1 1
29 D 88 3 1
29 D 88 3 1
29 D 88 2 1
29 D 88 2 1
29 D 88 3 1
0 L 4 12 1
0 L 3 7 1
0 L 5 7 1
0 D 3 12 1
0 D 3 7 1
1 L 4 3 1
1 L 3 1 1
1 L 5 3 1
1 L 9 3 1
1 L 6 2 1
1 L 0 3 1
1 L 7 1 1
1 L 2 2 1
1 L 1 1 1
1 L 8 1 1
1 D 11 3 1
1 D 11 3 1
1 D 11 2 1
1 D 11 1 1
1 D 11 1 1
2 L 5 1 1
2 L 3 1 1
2 L 0 2 1
2 L 6 2 1
2 L 7 2 1
2 L 2 2 1
2 L 9 7 1
2 D 19 1 1
2 D 19 2 1
2 D 19 2 1
2 D 19 7 1
3 L 4 3 1
3 L 3 5 1
3 D 27 3 1
4 L 3 75 1
4 L 9 22 1
4 L 6 10 1
4 L 4 2 1
4 L 9 6 1
4 D 35 75 1
4 D 35 10 1
4 D 35 6 1
5 L 0 10 1
5 L 5 6 1
5 D 43 10 1
6 L 2 71 1
6 L 6 2 1
6 L 4 1 1
6 D 51 71 1
6 D 51 1 1
7 L 1 77 1
7 L 4 51 1
7 L 9 36 1
7 L 4 9 1
7 D 59 77 1
7 D 59 36 1
8 L 4 5 1
8 L 9 5 1
8 L 6 7 1
8 L 3 13 1
8 D 63 5 1
8 D 63 7 1
9 L 7 3 1
9 L 8 4 1
9 L 2 1 1
9 D 67 3 1
9 D 67 1 1
10 L 4 4 1
10 L 3 12 1
10 L 5 5 1
10 L 9 4 1
10 D 71 4 1
10 D 71 5 1
11 L 4 26 1
11 L 2 70 1
11 D 75 26 1
12 L 4 6 1
12 L 3 7 1
12 L 5 10 1
12 L 6 5 1
12 L 0 9 1
12 D 79 6 1
12 D 79 10 1
12 D 79 9 1
13 L 5 5 1
13 L 0 8 1
13 L 3 3 1
13 D 83 5 1
13 D 83 3 1
14 L 4 25 1
14 L 9 85 1
14 L 3 20 1
14 D 87 25 1
14 D 87 20 1
15 L 7 5 1
15 L 3 5 1
15 L 5 2 1
15 L 2 2 1
15 D 90 5 1
15 D 90 2 1
16 L 9 6 1
16 L 1 6 1
16 L 4 1 1
16 D 92 6 1
16 D 92 1 1
17 L 7 88 1
17 L 3 4 1
17 L 7 5 1
17 L 5 4 1
17 L 2 10 1
17 L 4 5 1
17 L 0 2 1
17 L 8 3 1
17 L 9 8 1
17 L 6 5 1
17 L 1 4 1
17 L 6 93 1
17 D 94 88 1
17 D 94 5 1
17 D 94 10 1
17 D 94 2 1
17 D 94 8 1
17 D 94 4 1
18 L 4 3 1
18 L 6 4 1
18 L 9 4 1
18 L 3 5 1
18 D 96 3 1
18 D 96 4 1
19 L 6 47 1
19 L 1 3 1
19 L 9 4 1
19 D 98 47 1
19 D 98 4 1
20 L 4 5 1
20 L 9 2 1
20 L 3 3 1
20 D 100 5 1
20 D 100 3 1
21 L 0 40 1
21 L 4 2 1
21 L 5 1 1
21 D 102 40 1
21 D 102 1 1
22 L 4 17 1
22 L 9 25 1
22 L 6 64 1
22 L 8 67 1
22 D 104 17 1
22 D 104 64 1
23 L 3 4 1
23 L 5 3 1
23 D 106 4 1
24 L 5 32 1
24 L 4 6 1
24 D 108 32 1
25 L 8 19 1
25 L 2 19 1
25 L 5 6 1
25 D 110 19 1
25 D 110 6 1
26 L 7 61 1
26 L 5 53 1
26 L 2 36 1
26 L 5 36 1
26 L 3 6 1
26 D 112 61 1
26 D 112 36 1
26 D 112 6 1
27 L 3 7 1
27 L 4 3 1
27 L 5 7 1
27 L 7 14 1
27 D 114 7 1
27 D 114 7 1
28 L 3 11 1
28 L 5 6 1
28 L 4 9 1
28 L 0 5 1
28 L 7 5 1
28 D 116 11 1
28 D 116 9 1
28 D 116 5 1
29 L 6 35 1
29 L 0 56 1
29 L 4 1 1
29 L 3 3 1
29 D 118 35 1
29 D 118 1 1
0 L 2 63 1
0 L 3 3 1
0 L 5 6 1
0 D 7 63 1
0 D 7 6 1
1 L 3 74 1
1 L 3 35 1
1 L 4 3 1
1 D 23 74 1
1 D 23 3 1
2 L 3 14 1
2 L 5 7 1
2 L 4 4 1
2 L 7 11 1
2 L 0 12 1
2 L 2 6 1
2 L 9 3 1
2 L 6 9 1
2 L 8 4 1
2 L 1 6 1
2 L 7 87 1
2 L 3 1 1
2 L 5 6 1
2 D 39 14 1
2 D 39 4 1
2 D 39 12 1
2 D 39 3 1
2 D 39 4 1
2 D 39 87 1
2 D 39 6 1
3 L 6 2 1
3 L 4 1 1
3 L 9 1 1
3 D 55 2 1
3 D 55 1 1
4 L 8 53 1
4 L 9 7 1
4 L 4 9 1
4 L 6 11 1
4 D 65 53 1
4 D 65 9 1
5 L 9 41 1
5 L 2 41 1
5 L 3 6 1
5 L 5 9 1
5 D 73 41 1
5 D 73 6 1
6 L 3 5 1
6 L 5 3 1
6 L 7 7 1
6 D 81 5 1
6 D 81 7 1
7 L 9 6 1
7 L 4 3 1
7 L 6 2 1
7 L 1 6 1
7 L 3 5 1
7 D 89 6 1
7 D 89 2 1
7 D 89 5 1
8 L 4 6 1
8 L 3 2 1
8 L 5 4 1
8 L 7 2 1
8 L 9 5 1
8 L 0 3 1
8 L 2 1 1
8 L 6 3 1
8 L 1 4 1
8 L 4 2 1
8 L 3 6 1
8 L 5 6 1
8 D 93 6 1
8 D 93 4 1
8 D 93 5 1
8 D 93 1 1
8 D 93 4 1
8 D 93 6 1
9 L 4 1 1
9 L 3 1 1
9 L 5 1 1
9 D 97 1 1
9 D 97 1 1
10 L 2 35 1
10 L 6 98 1
10 L 6 6 1
10 D 101 35 1
10 D 101 6 1
11 L 4 11 1
11 L 3 8 1
11 D 105 11 1
12 L 7 11 1
12 L 7 52 1
12 L 2 82 1
12 L 4 8 1
12 D 109 11 1
12 D 109 82 1
13 L 6 5 1
13 L 1 6 1
13 D 113 5 1
14 L 5 5 1
14 L 7 3 1
14 L 3 8 1
14 L 2 5 1
14 L 0 3 1
14 L 4 6 1
14 L 8 5 1
14 L 9 3 1
14 D 117 5 1
14 D 117 8 1
14 D 117 3 1
14 D 117 5 1
15 L 2 2 1
15 L 7 8 1
15 L 5 6 1
15 L 0 2 1
15 L 3 4 1
15 D 120 2 1
15 D 120 6 1
15 D 120 4 1
16 L 6 21 1
16 L 5 7 1
16 L 3 4 1
16 D 122 21 1
16 D 122 4 1
17 L 2 25 1
17 L 3 10 1
17 L 5 12 1
17 L 4 7 1
17 D 124 25 1
17 D 124 12 1
18 L 2 27 1
18 L 4 3 1
18 L 9 8 1
18 L 3 7 1
18 L 5 4 1
18 D 126 27 1
18 D 126 8 1
18 D 126 4 1
19 L 4 6 1
19 L 5 1 1
19 L 3 4 1
19 L 0 5 1
19 D 128 6 1
19 D 128 4 1
20 L 4 5 1
20 L 6 2 1
20 L 9 4 1
20 L 3 1 1
20 L 5 3 1
20 L 0 2 1
20 L 1 3 1
20 L 7 1 1
20 L 4 1 1
20 L 6 5 1
20 L 9 4 1
20 L 3 4 1
20 D 130 5 1
20 D 130 4 1
20 D 130 3 1
20 D 130 3 1
20 D 130 1 1
20 D 130 4 1
21 L 4 7 1
21 L 3 3 1
21 L 5 15 1
21 L 0 7 1
21 L 9 5 1
21 L 7 8 1
21 L 6 10 1
21 L 2 3 1
21 L 8 5 1
21 D 132 7 1
21 D 132 15 1
21 D 132 5 1
21 D 132 10 1
21 D 132 5 1
22 L 0 45 1
22 L 4 1 1
22 L 6 2 1
22 D 134 45 1
22 D 134 2 1
23 L 1 15 1
23 L 3 76 1
23 L 6 34 1
23 D 136 15 1
23 D 136 34 1
24 L 9 3 1
24 L 4 3 1
24 L 5 1 1
24 L 7 4 1
24 L 6 1 1
24 L 0 1 1
24 L 2 2 1
24 D 138 3 1
24 D 138 1 1
24 D 138 1 1
24 D 138 2 1
25 L 6 22 1
25 L 1 38 1
25 L 0 8 1
25 D 140 22 1
25 D 140 8 1
26 L 3 10 1
26 L 3 7 1
26 L 5 5 1
26 L 0 7 1
26 D 142 10 1
26 D 142 5 1
27 L 4 5 1
27 L 3 7 1
27 L 5 11 1
27 L 7 9 1
27 L 0 10 1
27 L 9 6 1
27 D 144 5 1
27 D 144 11 1
27 D 144 10 1
28 L 4 8 1
28 L 6 12 1
28 L 9 3 1
28 L 3 9 1
28 L 5 7 1
28 D 146 8 1
28 D 146 3 1
28 D 146 7 1
29 L 4 10 1
29 L 5 7 1
29 L 3 6 1
29 L 0 4 1
29 L 7 6 1
29 L 6 8 1
29 L 2 8 1
29 L 9 11 1
29 L 8 7 1
29 L 1 7 1
29 L 5 16 1
29 L 0 59 1
29 L 4 5 1
29 D 148 10 1
29 D 148 6 1
29 D 148 6 1
29 D 148 8 1
29 D 148 7 1
29 D 148 16 1
29 D 148 5 1
0 L 3 2 1
0 L 7 4 1
0 L 5 4 1
0 L 4 2 1
0 L 2 4 1
0 L 0 4 1
0 L 9 3 1
0 D 15 2 1
0 D 15 4 1
0 D 15 4 1
0 D 15 3 1
1 L 0 3 1
1 L 5 5 1
1 L 2 2 1
1 D 47 3 1
1 D 47 2 1
2 L 7 2 1
2 L 2 4 1
2 L 5 4 1
2 L 3 7 1
2 L 0 2 1
2 L 8 4 1
2 L 4 5 1
2 L 9 2 1
2 D 69 2 1
2 D 69 4 1
2 D 69 2 1
2 D 69 5 1
3 L 5 4 1
3 L 3 6 1
3 L 7 1 1
3 D 85 4 1
3 D 85 1 1
4 L 8 67 1
4 L 3 9 1
4 L 5 11 1
4 D 95 67 1
4 D 95 11 1
5 L 4 8 1
5 L 9 6 1
5 L 6 10 1
5 L 3 9 1
5 D 103 8 1
5 D 103 10 1
6 L 6 46 1
6 L 6 2 1
6 L 4 4 1
6 L 9 4 1
6 D 111 46 1
6 D 111 4 1
7 L 4 4 1
7 L 6 5 1
7 D 119 4 1
8 L 9 8 1
8 L 4 13 1
8 D 123 8 1
9 L 6 7 1
9 L 4 4 1
9 L 0 7 1
9 L 5 7 1
9 L 9 4 1
9 D 127 7 1
9 D 127 7 1
9 D 127 4 1
10 L 2 62 1
10 L 3 6 1
10 L 5 5 1
10 L 4 1 1
10 L 7 2 1
10 D 131 62 1
10 D 131 5 1
10 D 131 2 1
11 L 4 5 1
11 L 3 3 1
11 L 9 3 1
11 L 0 4 1
11 D 135 5 1
11 D 135 3 1
12 L 4 3 1
12 L 6 3 1
12 L 3 3 1
12 D 139 3 1
12 D 139 3 1
13 L 0 49 1
13 L 0 66 1
13 L 3 7 1
13 L 5 6 1
13 L 4 8 1
13 D 143 49 1
13 D 143 7 1
13 D 143 8 1
14 L 5 3 1
14 L 0 4 1
14 D 147 3 1
15 L 4 5 1
15 L 6 6 1
15 L 3 3 1
15 L 1 4 1
15 L 5 1 1
15 D 150 5 1
15 D 150 3 1
15 D 150 1 1
16 L 4 8 1
16 L 9 6 1
16 L 6 8 1
16 L 1 14 1
16 L 3 10 1
16 D 152 8 1
16 D 152 8 1
16 D 152 10 1
17 L 3 41 1
17 L 4 6 1
17 L 3 4 1
17 D 154 41 1
17 D 154 4 1
18 L 4 7 1
18 L 6 9 1
18 L 3 6 1
18 L 5 5 1
18 L 0 5 1
18 L 7 11 1
18 L 2 6 1
18 L 1 7 1
18 L 8 7 1
18 L 4 3 1
18 D 156 7 1
18 D 156 6 1
18 D 156 5 1
18 D 156 6 1
18 D 156 7 1
19 L 9 37 1
19 L 6 92 1
19 L 3 5 1
19 D 158 37 1
19 D 158 5 1
20 L 8 67 1
20 L 9 16 1
20 L 0 6 1
20 L 2 9 1
20 D 160 67 1
20 D 160 6 1
21 L 7 51 1
21 L 0 44 1
21 L 0 39 1
21 L 0 46 1
21 D 162 51 1
21 D 162 39 1
22 L 5 47 1
22 L 8 17 1
22 L 9 1 1
22 L 3 2 1
22 D 164 47 1
22 D 164 1 1
23 L 0 16 1
23 L 9 8 1
23 L 4 4 1
23 D 166 16 1
23 D 166 4 1
24 L 4 3 1
24 L 9 2 1
24 L 3 13 1
24 L 6 8 1
24 L 5 6 1
24 L 0 11 1
24 L 7 10 1
24 L 1 5 1
24 L 2 5 1
24 L 8 3 1
24 L 7 54 1
24 L 7 86 1
24 L 8 54 1
24 D 168 3 1
24 D 168 13 1
24 D 168 6 1
24 D 168 10 1
24 D 168 5 1
24 D 168 54 1
24 D 168 54 1
25 L 4 4 1
25 L 1 3 1
25 L 6 5 1
25 L 3 2 1
25 L 7 3 1
25 D 170 4 1
25 D 170 5 1
25 D 170 3 1
26 L 4 16 1
26 L 6 4 1
26 L 4 5 1
26 D 172 16 1
26 D 172 5 1
27 L 6 5 1
27 L 4 5 1
27 L 0 7 1
27 L 5 5 1
27 D 174 5 1
27 D 174 7 1
28 L 6 97 1
28 L 3 19 1
28 D 176 97 1
29 L 8 77 1
29 L 2 43 1
29 L 8 53 1
29 D 178 77 1
29 D 178 53 1
0 L 4 56 1
0 L 4 40 1
0 L 0 4 1
0 L 5 4 1
0 D 31 56 1
0 D 31 4 1
1 L 0 6 1
1 L 6 9 1
1 L 5 14 1
1 L 4 6 1
1 L 3 2 1
1 L 7 7 1
1 L 2 2 1
1 L 9 4 1
1 L 1 9 1
1 D 77 6 1
1 D 77 14 1
1 D 77 2 1
1 D 77 2 1
1 D 77 9 1
2 L 6 8 1
2 L 4 4 1
2 L 3 2 1
2 L 0 3 1
2 D 99 8 1
2 D 99 2 1
3 L 6 7 1
3 L 1 5 1
3 L 4 8 1
3 L 9 7 1
3 L 3 5 1
3 D 115 7 1
3 D 115 8 1
3 D 115 5 1
4 L 9 38 1
4 L 7 56 1
4 L 0 65 1
4 D 125 38 1
4 D 125 65 1
5 L 0 3 1
5 L 5 1 1
5 D 133 3 1
6 L 6 20 1
6 L 9 35 1
6 L 2 3 1
6 L 0 3 1
6 D 141 20 1
6 D 141 3 1
7 L 5 82 1
7 L 8 52 1
7 L 6 31 1
7 D 149 82 1
7 D 149 31 1
8 L 0 38 1
8 L 5 62 1
8 L 7 64 1
8 L 2 60 1
8 D 153 38 1
8 D 153 64 1
9 L 5 52 1
9 L 7 55 1
9 L 2 3 1
9 L 7 1 1
9 L 8 3 1
9 L 5 3 1
9 L 3 6 1
9 L 0 1 1
9 D 157 52 1
9 D 157 3 1
9 D 157 3 1
9 D 157 6 1
10 L 6 41 1
10 L 0 23 1
10 L 9 34 1
10 D 161 41 1
10 D 161 34 1
11 L 7 49 1
11 L 9 7 1
11 L 4 7 1
11 D 165 49 1
11 D 165 7 1
12 L 8 52 1
12 L 5 66 1
12 L 3 1 1
12 D 169 52 1
12 D 169 1 1
13 L 4 1 1
13 L 9 5 1
13 L 6 9 1
13 L 3 2 1
13 L 1 2 1
13 L 5 5 1
13 D 173 1 1
13 D 173 9 1
13 D 173 2 1
14 L 3 5 1
14 L 4 5 1
14 L 5 1 1
14 L 7 1 1
14 D 177 5 1
14 D 177 1 1
15 L 2 81 1
15 L 2 10 1
15 D 180 81 1
16 L 1 4 1
16 L 9 1 1
16 L 6 4 1
16 L 4 3 1
16 D 182 4 1
16 D 182 4 1
17 L 5 46 1
17 L 3 4 1
17 L 5 10 1
17 L 7 6 1
17 L 4 7 1
17 D 184 46 1
17 D 184 10 1
17 D 184 7 1
18 L 5 31 1
18 L 7 54 1
18 L 1 18 1
18 D 186 31 1
18 D 186 18 1
19 L 9 9 1
19 L 4 11 1
19 L 6 12 1
19 D 188 9 1
19 D 188 12 1
20 L 9 45 1
20 L 3 7 1
20 L 5 7 1
20 L 7 6 1
20 D 190 45 1
20 D 190 7 1
21 L 5 65 1
21 L 2 4 1
21 L 0 2 1
21 L 7 5 1
21 L 5 4 1
21 L 3 1 1
21 D 192 65 1
21 D 192 2 1
21 D 192 4 1
22 L 3 75 1
22 L 2 80 1
22 L 3 7 1
22 L 4 6 1
22 L 5 6 1
22 L 7 13 1
22 L 0 10 1
22 L 2 5 1
22 D 194 75 1
22 D 194 7 1
22 D 194 6 1
22 D 194 10 1
23 L 7 8 1
23 L 5 5 1
23 D 196 8 1
24 L 0 10 1
24 L 5 5 1
24 L 3 12 1
24 L 2 4 1
24 L 7 9 1
24 L 4 2 1
24 L 8 2 1
24 L 6 7 1
24 L 9 1 1
24 L 1 4 1
24 L 5 2 1
24 L 3 2 1
24 L 2 2 1
24 D 198 10 1
24 D 198 12 1
24 D 198 9 1
24 D 198 2 1
24 D 198 1 1
24 D 198 2 1
24 D 198 2 1
25 L 9 8 1
25 L 4 9 1
25 L 3 7 1
25 L 6 5 1
25 L 1 6 1
25 D 200 8 1
25 D 200 7 1
25 D 200 6 1
26 L 4 4 1
26 L 3 5 1
26 L 9 12 1
26 L 5 8 1
26 L 7 6 1
26 D 202 4 1
26 D 202 12 1
26 D 202 6 1
27 L 3 4 1
27 L 5 7 1
27 L 4 3 1
27 L 7 5 1
27 L 0 8 1
27 D 204 4 1
27 D 204 3 1
27 D 204 8 1
28 L 6 2 1
28 L 4 12 1
28 L 5 5 1
28 L 0 1 1
28 L 3 4 1
28 D 206 2 1
28 D 206 5 1
28 D 206 4 1
29 L 8 61 1
29 L 5 40 1
29 L 5 5 1
29 D 208 61 1
29 D 208 5 1
0 L 3 74 1
0 L 0 5 1
0 L 5 3 1
0 D 61 74 1
0 D 61 3 1
1 L 9 5 1
1 L 4 2 1
1 L 3 5 1
1 D 107 5 1
1 D 107 5 1
2 L 5 61 1
2 L 5 3 1
2 L 3 5 1
2 D 129 61 1
2 D 129 5 1
3 L 2 79 1
3 L 6 40 1
3 L 3 73 1
3 L 4 2 1
3 D 145 79 1
3 D 145 73 1
4 L 2 1 1
4 L 7 1 1
4 L 0 1 1
4 L 3 2 1
4 D 155 1 1
4 D 155 1 1
5 L 9 40 1
5 L 0 43 1
5 L 3 21 1
5 D 163 40 1
5 D 163 21 1
6 L 3 1 1
6 L 5 3 1
6 L 0 1 1
6 L 9 2 1
6 D 171 1 1
6 D 171 1 1
7 L 8 5 1
7 L 7 3 1
7 L 2 2 1
7 L 3 3 1
7 L 5 2 1
7 L 0 2 1
7 L 4 7 1
7 L 9 8 1
7 L 6 4 1
7 L 1 3 1
7 L 8 4 1
7 D 179 5 1
7 D 179 2 1
7 D 179 2 1
7 D 179 7 1
7 D 179 4 1
7 D 179 4 1
8 L 9 3 1
8 L 4 3 1
8 L 1 10 1
8 L 6 6 1
8 L 3 9 1
8 D 183 3 1
8 D 183 10 1
8 D 183 9 1
9 L 3 1 1
9 L 4 1 1
9 L 8 1 1
9 D 187 1 1
9 D 187 1 1
10 L 6 3 1
10 L 4 2 1
10 L 0 4 1
10 L 3 4 1
10 D 191 3 1
10 D 191 4 1
11 L 3 7 1
11 L 7 3 1
11 L 2 9 1
11 D 195 7 1
11 D 195 9 1
12 L 0 46 1
12 L 5 2 1
12 L 3 4 1
12 D 199 46 1
12 D 199 4 1
13 L 3 7 1
13 L 7 11 1
13 L 5 1 1
13 D 203 7 1
13 D 203 1 1
14 L 4 4 1
14 L 9 2 1
14 L 3 4 1
14 L 6 3 1
14 D 207 4 1
14 D 207 4 1
15 L 6 91 1
15 L 3 2 1
15 L 5 1 1
15 L 7 4 1
15 L 2 5 1
15 D 210 91 1
15 D 210 1 1
15 D 210 5 1
16 L 3 4 1
16 L 4 1 1
16 L 5 1 1
16 D 212 4 1
16 D 212 1 1
17 L 2 1 1
17 L 7 3 1
17 L 0 1 1
17 L 5 2 1
17 D 214 1 1
17 D 214 1 1
18 L 5 33 1
18 L 4 6 1
18 L 6 4 1
18 D 216 33 1
18 D 216 4 1
19 L 0 7 1
19 L 5 5 1
19 L 4 11 1
19 L 3 6 1
19 L 6 12 1
19 L 7 10 1
19 L 2 9 1
19 L 9 5 1
19 D 218 7 1
19 D 218 11 1
19 D 218 12 1
19 D 218 9 1
20 L 6 2 1
20 L 9 2 1
20 L 5 2 1
20 L 3 2 1
20 L 7 5 1
20 L 2 1 1
20 L 8 1 1
20 L 6 4 1
20 L 4 1 1
20 L 9 1 1
20 D 220 2 1
20 D 220 2 1
20 D 220 5 1
20 D 220 1 1
20 D 220 1 1
21 L 3 3 1
21 L 5 5 1
21 D 222 3 1
22 L 2 43 1
22 L 3 7 1
22 D 224 43 1
23 L 7 7 1
23 L 5 6 1
23 L 3 8 1
23 L 2 7 1
23 L 0 6 1
23 D 226 7 1
23 D 226 8 1
23 D 226 6 1
24 L 8 3 1
24 L 5 35 1
24 L 3 18 1
24 L 5 2 1
24 D 228 3 1
24 D 228 18 1
25 L 3 4 1
25 L 9 6 1
25 L 5 2 1
25 D 230 4 1
25 D 230 2 1
26 L 2 69 1
26 L 3 4 1
26 D 232 69 1
27 L 3 3 1
27 L 4 4 1
27 D 234 3 1
28 L 3 8 1
28 L 4 4 1
28 D 236 8 1
29 L 2 18 1
29 L 3 73 1
29 L 0 35 1
29 D 238 18 1
29 D 238 35 1
0 L 6 30 1
0 L 7 36 1
0 L 3 2 1
0 D 91 30 1
0 D 91 2 1
1 L 3 74 1
1 L 7 63 1
1 L 7 8 1
1 L 2 5 1
1 D 137 74 1
1 D 137 8 1
2 L 9 4 1
2 L 5 3 1
2 L 6 8 1
2 L 7 4 1
2 L 0 1 1
2 L 2 3 1
2 D 159 4 1
2 D 159 8 1
2 D 159 1 1
3 L 5 4 1
3 L 3 3 1
3 L 7 6 1
3 L 2 3 1
3 L 4 11 1
3 D 175 4 1
3 D 175 6 1
3 D 175 11 1
4 L 4 6 1
4 L 9 4 1
4 D 185 6 1
5 L 3 72 1
5 L 0 7 1
5 L 5 4 1
5 D 193 72 1
5 D 193 4 1
6 L 6 1 1
6 L 1 5 1
6 L 3 5 1
6 D 201 1 1
6 D 201 5 1
7 L 4 8 1
7 L 9 7 1
7 L 3 7 1
7 L 5 8 1
7 L 7 10 1
7 L 6 6 1
7 D 209 8 1
7 D 209 7 1
7 D 209 10 1
8 L 0 15 1
8 L 6 4 1
8 L 4 4 1
8 L 9 6 1
8 D 213 15 1
8 D 213 4 1
9 L 9 2 1
9 L 4 2 1
9 L 3 2 1
9 L 6 3 1
9 D 217 2 1
9 D 217 2 1
10 L 3 3 1
10 L 7 3 1
10 L 5 2 1
10 L 4 2 1
10 L 2 3 1
10 L 8 4 1
10 L 9 6 1
10 D 221 3 1
10 D 221 2 1
10 D 221 3 1
10 D 221 6 1
11 L 4 1 1
11 L 9 2 1
11 L 1 4 1
11 L 0 3 1
11 L 5 3 1
11 L 3 1 1
11 L 7 3 1
11 D 225 1 1
11 D 225 4 1
11 D 225 3 1
11 D 225 3 1
12 L 5 74 1
12 L 0 2 1
12 L 5 2 1
12 L 3 2 1
12 L 4 3 1
12 D 229 74 1
12 D 229 2 1
12 D 229 3 1
13 L 4 2 1
13 L 9 3 1
13 L 3 6 1
13 D 233 2 1
13 D 233 6 1
14 L 2 3 1
14 L 8 5 1
14 D 237 3 1
15 L 9 44 1
15 L 7 53 1
15 D 240 44 1
16 L 3 34 1
16 L 0 48 1
16 L 3 42 1
16 L 3 1 1
16 D 242 34 1
16 D 242 42 1
17 L 1 50 1
17 L 5 39 1
17 L 9 36 1
17 L 3 60 1
17 D 244 50 1
17 D 244 36 1
18 L 0 3 1
18 L 5 5 1
18 L 3 7 1
18 L 7 3 1
18 L 2 5 1
18 L 4 3 1
18 D 246 3 1
18 D 246 7 1
18 D 246 5 1
19 L 4 2 1
19 L 5 6 1
19 D 248 2 1
20 L 3 10 1
20 L 1 36 1
20 L 3 6 1
20 D 250 10 1
20 D 250 6 1
21 L 1 79 1
21 L 3 59 1
21 L 9 7 1
21 D 252 79 1
21 D 252 7 1
22 L 4 3 1
22 L 3 8 1
22 L 5 6 1
22 D 254 3 1
22 D 254 6 1
23 L 9 13 1
23 L 4 11 1
23 L 6 11 1
23 L 3 6 1
23 L 1 7 1
23 L 5 6 1
23 L 0 7 1
23 D 256 13 1
23 D 256 11 1
23 D 256 7 1
23 D 256 7 1
24 L 5 34 1
24 L 4 13 1
24 L 9 3 1
24 L 3 10 1
24 L 5 3 1
24 D 258 34 1
24 D 258 3 1
24 D 258 3 1
25 L 7 62 1
25 D 260 62 1
26 L 7 6 1
26 L 2 6 1
26 L 3 7 1
26 L 5 5 1
26 L 8 8 1
26 D 262 6 1
26 D 262 7 1
26 D 262 8 1
27 L 9 39 1
27 L 4 3 1
27 D 264 39 1
28 L 3 73 1
28 L 9 33 1
28 L 3 41 1
28 D 266 73 1
28 D 266 41 1
29 L 4 8 1
29 L 9 9 1
29 L 6 9 1
29 D 268 8 1
29 D 268 9 1
0 L 9 35 1
0 L 0 2 1
0 L 4 7 1
0 L 3 3 1
0 D 121 35 1
0 D 121 7 1
1 L 9 2 1
1 L 3 3 1
1 L 2 1 1
1 D 167 2 1
1 D 167 1 1
2 L 3 29 1
2 L 0 4 1
2 L 3 1 1
2 L 4 3 1
2 L 6 4 1
2 D 189 29 1
2 D 189 1 1
2 D 189 4 1
3 L 3 6 1
3 L 5 3 1
3 L 7 10 1
3 L 0 4 1
3 L 4 8 1
3 D 205 6 1
3 D 205 10 1
3 D 205 8 1
4 L 0 4 1
4 L 5 3 1
4 L 2 1 1
4 L 4 1 1
4 L 8 1 1
4 L 1 1 1
4 L 6 90 1
4 D 215 4 1
4 D 215 1 1
4 D 215 1 1
4 D 215 90 1
5 L 7 50 1
5 L 5 6 1
5 L 3 7 1
5 D 223 50 1
5 D 223 7 1
6 L 0 3 1
6 L 3 1 1
6 L 4 1 1
6 D 231 3 1
6 D 231 1 1
7 L 4 1 1
7 L 9 7 1
7 L 3 3 1
7 D 239 1 1
7 D 239 3 1
8 L 5 4 1
8 L 3 3 1
8 L 7 4 1
8 D 243 4 1
8 D 243 4 1
9 L 6 4 1
9 L 9 6 1
9 D 247 4 1
10 L 8 12 1
10 L 5 81 1
10 L 9 24 1
10 L 0 4 1
10 D 251 12 1
10 D 251 24 1
11 L 3 58 1
11 L 0 13 1
11 D 255 58 1
12 L 3 6 1
12 L 5 3 1
12 L 7 5 1
12 D 259 6 1
12 D 259 5 1
13 L 4 5 1
13 L 9 4 1
13 D 263 5 1
14 L 8 60 1
14 L 5 3 1
14 L 4 3 1
14 L 0 1 1
14 D 267 60 1
14 D 267 3 1
15 L 0 29 1
15 L 7 10 1
15 L 3 7 1
15 D 270 29 1
15 D 270 7 1
16 L 5 60 1
16 L 1 33 1
16 L 3 7 1
16 D 272 60 1
16 D 272 7 1
17 L 2 41 1
17 L 6 29 1
17 D 274 41 1
18 L 7 3 1
18 L 5 7 1
18 L 3 2 1
18 D 276 3 1
18 D 276 2 1
19 L 5 7 1
19 L 0 7 1
19 L 3 7 1
19 D 278 7 1
19 D 278 7 1
20 L 8 33 1
20 L 0 8 1
20 L 4 1 1
20 L 9 5 1
20 L 3 2 1
20 L 5 1 1
20 D 280 33 1
20 D 280 1 1
20 D 280 2 1
21 L 9 7 1
21 L 4 5 1
21 D 282 7 1
22 L 2 61 1
22 L 5 64 1
22 L 3 71 1
22 D 284 61 1
22 D 284 71 1
23 L 6 12 1
23 L 4 5 1
23 L 9 3 1
23 L 1 15 1
23 L 3 6 1
23 L 5 6 1
23 D 286 12 1
23 D 286 3 1
23 D 286 6 1
24 L 6 3 1
24 L 9 5 1
24 D 288 3 1
25 L 6 39 1
25 L 5 19 1
25 L 5 5 1
25 L 0 4 1
25 D 290 39 1
25 D 290 5 1
26 L 0 4 1
26 L 5 2 1
26 L 3 1 1
26 L 4 1 1
26 L 6 5 1
26 L 7 1 1
26 L 2 2 1
26 L 9 2 1
26 D 292 4 1
26 D 292 1 1
26 D 292 5 1
26 D 292 2 1
27 L 7 12 1
27 L 2 3 1
27 L 3 7 1
27 D 294 12 1
27 D 294 7 1
28 L 4 7 1
28 L 3 4 1
28 L 5 8 1
28 L 9 10 1
28 L 7 10 1
28 D 296 7 1
28 D 296 8 1
28 D 296 10 1
29 L 7 51 1
29 L 7 3 1
29 L 5 2 1
29 L 2 2 1
29 L 9 3 1
29 L 8 1 1
29 D 298 51 1
29 D 298 2 1
29 D 298 3 1
0 L 5 2 1
0 L 3 2 1
0 D 151 2 1
1 L 7 8 1
1 L 8 11 1
1 L 3 8 1
1 L 5 8 1
1 D 197 8 1
1 D 197 8 1
2 L 7 5 1
2 L 5 4 1
2 L 2 5 1
2 L 3 6 1
2 L 0 5 1
2 D 219 5 1
2 D 219 5 1
2 D 219 5 1
3 L 2 11 1
3 L 6 1 1
3 L 0 4 1
3 L 9 1 1
3 D 235 11 1
3 D 235 4 1
4 L 6 1 1
4 L 1 3 1
4 D 245 1 1
5 L 9 4 1
5 L 4 3 1
5 L 6 6 1
5 L 3 2 1
5 D 253 4 1
5 D 253 6 1
6 L 9 5 1
6 L 1 7 1
6 L 4 8 1
6 D 261 5 1
6 D 261 8 1
7 L 6 29 1
7 L 5 73 1
7 L 6 4 1
7 L 9 3 1
7 L 1 4 1
7 D 269 29 1
7 D 269 4 1
7 D 269 4 1
8 L 3 4 1
8 L 4 3 1
8 L 5 2 1
8 L 7 1 1
8 L 0 3 1
8 L 2 3 1
8 L 9 3 1
8 L 8 1 1
8 L 6 4 1
8 D 273 4 1
8 D 273 2 1
8 D 273 3 1
8 D 273 3 1
8 D 273 4 1
9 L 6 1 1
9 L 4 4 1
9 L 0 1 1
9 L 5 2 1
9 L 9 3 1
9 L 1 2 1
9 L 3 73 1
9 L 6 13 1
9 L 4 10 1
9 D 277 1 1
9 D 277 1 1
9 D 277 3 1
9 D 277 73 1
9 D 277 10 1
10 L 3 2 1
10 L 5 1 1
10 L 7 2 1
10 L 4 6 1
10 L 2 1 1
10 L 0 1 1
10 L 8 4 1
10 L 9 7 1
10 L 6 3 1
10 L 1 2 1
10 L 9 25 1
10 D 281 2 1
10 D 281 2 1
10 D 281 1 1
10 D 281 4 1
10 D 281 3 1
10 D 281 25 1
11 L 9 21 1
11 L 8 66 1
11 L 1 4 1
11 D 285 21 1
11 D 285 4 1
12 L 4 2 1
12 L 9 3 1
12 L 6 4 1
12 D 289 2 1
12 D 289 4 1
13 L 3 40 1
13 L 1 18 1
13 L 5 38 1
13 D 293 40 1
13 D 293 38 1
14 L 8 66 1
14 L 9 32 1
14 D 297 66 1
15 L 5 3 1
15 L 7 1 1
15 L 4 2 1
15 L 0 3 1
15 D 300 3 1
15 D 300 2 1
16 L 3 70 1
16 L 4 4 1
16 L 5 1 1
16 D 302 70 1
16 D 302 1 1
17 L 3 6 1
17 L 5 3 1
17 L 7 6 1
17 D 304 6 1
17 D 304 6 1
18 L 2 78 1
18 L 8 59 1
18 L 5 30 1
18 D 306 78 1
18 D 306 30 1
19 L 6 45 1
19 L 1 49 1
19 L 5 63 1
19 L 0 2 1
19 D 308 45 1
19 D 308 63 1
20 L 6 3 1
20 L 4 2 1
20 L 5 6 1
20 L 0 7 1
20 L 3 3 1
20 D 310 3 1
20 D 310 6 1
20 D 310 3 1
21 L 2 5 1
21 L 7 11 1
21 L 5 6 1
21 D 312 5 1
21 D 312 6 1
22 L 6 44 1
22 L 0 15 1
22 L 8 23 1
22 D 314 44 1
22 D 314 23 1
23 L 4 55 1
23 L 8 58 1
23 L 4 10 1
23 D 316 55 1
23 D 316 10 1
24 L 0 11 1
24 L 6 4 1
24 L 4 2 1
24 L 0 1 1
24 L 5 1 1
24 D 318 11 1
24 D 318 2 1
24 D 318 1 1
25 L 9 5 1
25 L 4 2 1
25 L 3 4 1
25 L 5 8 1
25 L 6 5 1
25 D 320 5 1
25 D 320 4 1
25 D 320 5 1
26 L 4 2 1
26 L 5 4 1
26 L 0 6 1
26 L 3 11 1
26 D 322 2 1
26 D 322 6 1
27 L 3 1 1
27 L 5 5 1
27 L 7 5 1
27 L 4 2 1
27 D 324 1 1
27 D 324 5 1
28 L 3 1 1
28 L 4 6 1
28 L 5 4 1
28 L 7 2 1
28 L 2 1 1
28 L 0 2 1
28 D 326 1 1
28 D 326 4 1
28 D 326 1 1
29 L 6 7 1
29 L 4 7 1
29 L 9 5 1
29 L 1 13 1
29 L 3 9 1
29 D 328 7 1
29 D 328 5 1
29 D 328 9 1
0 L 0 11 1
0 L 5 7 1
0 L 3 7 1
0 L 4 7 1
0 D 181 11 1
0 D 181 7 1
1 L 6 5 1
1 L 4 5 1
1 L 9 1 1
1 L 1 7 1
1 D 227 5 1
1 D 227 1 1
2 L 7 9 1
2 L 3 6 1
2 D 249 9 1
3 L 0 34 1
3 L 5 72 1
3 L 4 7 1
3 L 9 6 1
3 L 3 6 1
3 D 265 34 1
3 D 265 7 1
3 D 265 6 1
4 L 7 2 1
4 L 3 5 1
4 L 5 6 1
4 L 2 8 1
4 D 275 2 1
4 D 275 6 1
5 L 5 5 1
5 L 0 6 1
5 L 4 8 1
5 D 283 5 1
5 D 283 8 1
6 L 3 1 1
6 L 4 3 1
6 D 291 1 1
7 L 8 51 1
7 L 0 14 1
7 L 3 2 1
7 D 299 51 1
7 D 299 2 1
8 L 4 2 1
8 L 6 5 1
8 D 303 2 1
9 L 4 7 1
9 L 3 8 1
9 L 9 2 1
9 L 5 6 1
9 L 6 11 1
9 D 307 7 1
9 D 307 2 1
9 D 307 11 1
10 L 5 7 1
10 L 3 3 1
10 L 0 2 1
10 L 4 6 1
10 L 7 9 1
10 D 311 7 1
10 D 311 2 1
10 D 311 9 1
11 L 2 24 1
11 L 0 2 1
11 L 5 5 1
11 D 315 24 1
11 D 315 5 1
12 L 7 9 1
12 L 8 6 1
12 L 2 5 1
12 L 3 7 1
12 D 319 9 1
12 D 319 5 1
13 L 3 6 1
13 L 7 10 1
13 L 4 5 1
13 D 323 6 1
13 D 323 5 1
14 L 7 17 1
14 L 5 37 1
14 L 1 2 1
14 L 3 1 1
14 D 327 17 1
14 D 327 2 1
15 L 9 34 1
15 L 9 33 1
15 L 4 1 1
15 D 330 34 1
15 D 330 1 1
16 L 2 23 1
16 L 4 2 1
16 L 6 3 1
16 L 3 2 1
16 L 5 1 1
16 D 332 23 1
16 D 332 3 1
16 D 332 1 1
17 L 6 68 1
17 L 7 48 1
17 L 3 6 1
17 L 7 5 1
17 D 334 68 1
17 D 334 6 1
18 L 3 20 1
18 L 6 43 1
18 L 4 5 1
18 L 9 4 1
18 D 336 20 1
18 D 336 5 1
19 L 3 67 1
19 L 7 7 1
19 L 5 5 1
19 D 338 67 1
19 D 338 5 1
20 L 7 85 1
20 L 0 64 1
20 L 9 5 1
20 D 340 85 1
20 D 340 5 1
21 L 5 11 1
21 L 7 8 1
21 L 3 11 1
21 D 342 11 1
21 D 342 11 1
22 L 4 2 1
22 L 3 7 1
22 D 344 2 1
23 L 0 2 1
23 L 5 5 1
23 L 3 5 1
23 L 4 3 1
23 L 6 1 1
23 L 7 8 1
23 D 346 2 1
23 D 346 5 1
23 D 346 1 1
24 L 3 72 1
24 L 3 3 1
24 L 5 3 1
24 L 4 4 1
24 L 0 1 1
24 L 7 4 1
24 L 2 9 1
24 L 6 4 1
24 L 9 7 1
24 L 8 2 1
24 L 1 3 1
24 L 4 31 1
24 D 348 72 1
24 D 348 3 1
24 D 348 1 1
24 D 348 9 1
24 D 348 7 1
24 D 348 3 1
25 L 0 5 1
25 L 5 5 1
25 L 3 6 1
25 D 350 5 1
25 D 350 6 1
26 L 6 67 1
26 L 0 63 1
26 D 352 67 1
27 L 1 1 1
27 L 6 1 1
27 L 4 1 1
27 D 354 1 1
27 D 354 1 1
28 L 4 5 1
28 L 9 3 1
28 L 6 8 1
28 L 3 1 1
28 L 1 8 1
28 L 5 13 1
28 L 0 5 1
28 L 7 6 1
28 L 2 1 1
28 D 356 5 1
28 D 356 8 1
28 D 356 8 1
28 D 356 5 1
28 D 356 1 1
29 L 1 54 1
29 L 7 10 1
29 L 3 5 1
29 L 8 6 1
29 L 2 5 1
29 L 5 4 1
29 L 4 6 1
29 D 358 54 1
29 D 358 5 1
29 D 358 5 1
29 D 358 6 1
0 L 9 1 1
0 L 4 3 1
0 L 3 3 1
0 L 1 1 1
0 D 211 1 1
0 D 211 3 1
1 L 3 1 1
1 L 0 3 1
1 L 7 2 1
1 L 6 1 1
1 L 2 3 1
1 D 257 1 1
1 D 257 2 1
1 D 257 3 1
2 L 6 4 1
2 L 4 12 1
2 L 9 2 1
2 L 0 8 1
2 L 5 2 1
2 D 279 4 1
2 D 279 2 1
2 D 279 2 1
3 L 3 2 1
3 L 5 5 1
3 L 0 5 1
3 D 295 2 1
3 D 295 5 1
4 L 0 7 1
4 L 5 7 1
4 L 3 6 1
4 L 7 8 1
4 D 305 7 1
4 D 305 6 1
5 L 5 9 1
5 L 3 4 1
5 L 7 5 1
5 L 0 8 1
5 L 2 10 1
5 D 313 9 1
5 D 313 5 1
5 D 313 10 1
6 L 4 15 1
6 L 4 10 1
6 L 9 4 1
6 L 6 11 1
6 L 3 5 1
6 D 321 15 1
6 D 321 4 1
6 D 321 5 1
7 L 4 8 1
7 L 3 7 1
7 D 329 8 1
8 L 2 59 1
8 L 7 60 1
8 L 3 2 1
8 D 333 59 1
8 D 333 2 1
9 L 4 11 1
9 L 3 9 1
9 L 9 1 1
9 L 5 1 1
9 L 7 4 1
9 D 337 11 1
9 D 337 1 1
9 D 337 4 1
10 L 8 65 1
10 L 3 57 1
10 L 6 7 1
10 D 341 65 1
10 D 341 7 1
11 L 0 1 1
11 L 2 1 1
11 L 5 5 1
11 L 7 7 1
11 L 3 3 1
11 D 345 1 1
11 D 345 5 1
11 D 345 3 1
12 L 3 3 1
12 L 5 6 1
12 D 349 3 1
13 L 7 2 1
13 L 5 2 1
13 L 2 3 1
13 L 0 2 1
13 L 8 6 1
13 L 9 1 1
13 L 1 3 1
13 D 353 2 1
13 D 353 3 1
13 D 353 6 1
13 D 353 3 1
14 L 9 1 1
14 L 4 1 1
14 L 1 5 1
14 L 6 3 1
14 D 357 1 1
14 D 357 5 1
15 L 6 42 1
15 L 8 51 1
15 L 2 42 1
15 D 360 42 1
15 D 360 42 1
16 L 4 10 1
16 L 6 3 1
16 L 3 8 1
16 L 0 7 1
16 L 1 6 1
16 D 362 10 1
16 D 362 8 1
16 D 362 6 1
17 L 4 2 1
17 L 6 1 1
17 L 3 1 1
17 L 5 1 1
17 D 364 2 1
17 D 364 1 1
18 L 3 56 1
18 L 6 5 1
18 D 366 56 1
19 L 3 17 1
19 L 0 47 1
19 L 7 84 1
19 D 368 17 1
19 D 368 84 1
20 L 0 58 1
20 L 2 4 1
20 L 7 2 1
20 D 370 58 1
20 D 370 2 1
21 L 1 35 1
21 L 6 33 1
21 L 7 83 1
21 D 372 35 1
21 D 372 83 1
22 L 7 47 1
22 L 6 9 1
22 L 4 6 1
22 L 9 5 1
22 D 374 47 1
22 D 374 6 1
23 L 6 3 1
23 L 4 5 1
23 L 0 4 1
23 D 376 3 1
23 D 376 4 1
24 L 6 1 1
24 L 4 2 1
24 L 9 5 1
24 L 1 5 1
24 L 3 2 1
24 D 378 1 1
24 D 378 5 1
24 D 378 2 1
25 L 4 30 1
25 L 2 68 1
25 D 380 30 1
26 L 4 5 1
26 L 5 3 1
26 L 9 1 1
26 L 6 3 1
26 L 0 1 1
26 L 7 1 1
26 D 382 5 1
26 D 382 1 1
26 D 382 1 1
27 L 0 4 1
27 L 5 2 1
27 L 3 5 1
27 D 384 4 1
27 D 384 5 1
28 L 5 8 1
28 L 3 6 1
28 L 7 5 1
28 L 0 8 1
28 L 2 8 1
28 D 386 8 1
28 D 386 5 1
28 D 386 8 1
29 L 0 45 1
29 L 2 40 1
29 L 2 42 1
29 D 388 45 1
29 D 388 42 1
0 L 5 4 1
0 L 0 6 1
0 L 3 4 1
0 L 7 9 1
0 L 2 8 1
0 L 4 9 1
0 L 8 10 1
0 L 6 10 1
0 D 241 4 1
0 D 241 4 1
0 D 241 8 1
0 D 241 10 1
1 L 0 42 1
1 L 3 1 1
1 L 0 1 1
1 D 287 42 1
1 D 287 1 1
2 L 4 3 1
2 L 9 1 1
2 L 6 1 1
2 D 309 3 1
2 D 309 1 1
3 L 8 50 1
3 D 325 50 1
4 L 1 78 1
4 L 8 49 1
4 L 6 5 1
4 L 1 4 1
4 D 335 78 1
4 D 335 5 1
5 L 1 76 1
5 L 7 82 1
5 L 1 77 1
5 D 343 76 1
5 D 343 77 1
6 L 7 1 1
6 L 3 1 1
6 L 8 3 1
6 L 4 5 1
6 L 9 6 1
6 L 6 2 1
6 L 1 1 1
6 L 7 3 1
6 L 3 7 1
6 D 351 1 1
6 D 351 3 1
6 D 351 6 1
6 D 351 1 1
6 D 351 7 1
7 L 8 16 1
7 L 0 37 1
7 L 7 1 1
7 L 2 3 1
7 D 359 16 1
7 D 359 1 1
8 L 4 1 1
8 L 9 1 1
8 L 3 1 1
8 L 6 2 1
8 D 363 1 1
8 D 363 1 1
9 L 6 46 1
9 L 9 10 1
9 L 4 9 1
9 L 6 7 1
9 L 1 6 1
9 L 3 5 1
9 L 5 6 1
9 L 7 5 1
9 L 0 3 1
9 L 2 7 1
9 L 8 6 1
9 L 3 6 1
9 D 367 46 1
9 D 367 9 1
9 D 367 6 1
9 D 367 6 1
9 D 367 3 1
9 D 367 6 1
10 L 6 3 1
10 L 4 4 1
10 D 371 3 1
11 L 4 3 1
11 L 3 4 1
11 L 5 3 1
11 D 375 3 1
11 D 375 3 1
12 L 6 89 1
12 L 4 54 1
12 D 379 89 1
13 L 4 53 1
13 L 2 2 1
13 L 5 2 1
13 L 8 2 1
13 L 3 5 1
13 L 4 4 1
13 L 6 2 1
13 D 383 53 1
13 D 383 2 1
13 D 383 5 1
13 D 383 2 1
14 L 7 6 1
14 L 2 1 1
14 L 5 1 1
14 D 387 6 1
14 D 387 1 1
15 L 0 9 1
15 L 5 1 1
15 L 3 2 1
15 L 2 5 1
15 D 390 9 1
15 D 390 2 1
16 L 3 34 1
16 L 0 36 1
16 D 392 34 1
17 L 9 43 1
17 L 7 53 1
17 L 5 9 1
17 L 3 3 1
17 L 0 8 1
17 D 394 43 1
17 D 394 9 1
17 D 394 8 1
18 L 9 7 1
18 L 4 7 1
18 L 1 7 1
18 L 3 5 1
18 D 396 7 1
18 D 396 7 1
19 L 1 48 1
19 L 3 8 1
19 L 5 10 1
19 L 4 6 1
19 D 398 48 1
19 D 398 10 1
20 L 3 4 1
20 L 5 5 1
20 L 4 4 1
20 L 7 1 1
20 D 400 4 1
20 D 400 4 1
21 L 7 6 1
21 L 5 3 1
21 L 3 2 1
21 D 402 6 1
21 D 402 2 1
22 L 8 50 1
22 L 5 33 1
22 L 7 50 1
22 L 3 1 1
22 D 404 50 1
22 D 404 50 1
23 L 4 7 1
23 L 9 4 1
23 L 6 2 1
23 D 406 7 1
23 D 406 2 1
24 L 6 96 1
24 L 3 3 1
24 D 408 96 1
25 L 4 6 1
25 L 3 10 1
25 L 5 10 1
25 D 410 6 1
25 D 410 10 1
26 L 0 45 1
26 L 6 10 1
26 L 4 10 1
26 L 0 6 1
26 L 5 5 1
26 L 3 5 1
26 D 412 45 1
26 D 412 10 1
26 D 412 5 1
27 L 3 72 1
27 L 9 84 1
27 L 7 1 1
27 L 3 2 1
27 D 414 72 1
27 D 414 1 1
28 L 4 2 1
28 L 9 5 1
28 L 3 6 1
28 L 5 4 1
28 L 6 8 1
28 L 7 2 1
28 D 416 2 1
28 D 416 6 1
28 D 416 8 1
29 L 9 83 1
29 L 3 1 1
29 L 7 7 1
29 D 418 83 1
29 D 418 7 1
0 L 3 28 1
0 L 2 58 1
0 L 8 4 1
0 L 7 6 1
0 D 271 28 1
0 D 271 4 1
1 L 2 2 1
1 L 0 4 1
1 L 7 4 1
1 D 317 2 1
1 D 317 4 1
2 L 9 11 1
2 L 6 28 1
2 L 5 2 1
2 L 0 1 1
2 D 339 11 1
2 D 339 2 1
3 L 4 2 1
3 L 3 4 1
3 L 5 2 1
3 D 355 2 1
3 D 355 2 1
4 L 6 88 1
4 L 6 3 1
4 L 1 3 1
4 D 365 88 1
4 D 365 3 1
5 L 3 4 1
5 L 5 2 1
5 L 7 1 1
5 D 373 4 1
5 D 373 1 1
6 L 3 5 1
6 L 5 7 1
6 L 7 9 1
6 L 4 6 1
6 L 2 5 1
6 L 0 8 1
6 D 381 5 1
6 D 381 9 1
6 D 381 5 1
7 L 3 5 1
7 L 5 6 1
7 L 4 1 1
7 L 0 5 1
7 L 7 4 1
7 D 389 5 1
7 D 389 1 1
7 D 389 4 1
8 L 2 7 1
8 L 8 5 1
8 L 3 3 1
8 L 5 4 1
8 D 393 7 1
8 D 393 3 1
9 L 2 17 1
9 L 4 2 1
9 L 9 3 1
9 D 397 17 1
9 D 397 3 1
10 L 5 6 1
10 L 7 6 1
10 L 6 1 1
10 L 0 2 1
10 D 401 6 1
10 D 401 1 1
11 L 9 4 1
11 L 4 2 1
11 L 1 2 1
11 D 405 4 1
11 D 405 2 1
12 L 0 5 1
12 L 5 5 1
12 L 3 3 1
12 L 7 7 1
12 D 409 5 1
12 D 409 3 1
13 L 0 8 1
13 L 7 5 1
13 L 2 4 1
13 L 4 6 1
13 D 413 8 1
13 D 413 4 1
14 L 3 3 1
14 L 5 1 1
14 L 7 2 1
14 D 417 3 1
14 D 417 2 1
15 L 2 34 1
15 L 3 1 1
15 L 5 6 1
15 D 420 34 1
15 D 420 6 1
16 L 9 32 1
16 L 9 5 1
16 L 3 3 1
16 D 422 32 1
16 D 422 3 1
17 L 5 1 1
17 L 7 2 1
17 L 3 4 1
17 L 8 3 1
17 D 424 1 1
17 D 424 4 1
18 L 9 43 1
18 L 2 1 1
18 L 7 7 1
18 L 5 6 1
18 L 3 3 1
18 D 426 43 1
18 D 426 7 1
18 D 426 3 1
19 L 6 27 1
19 L 3 7 1
19 L 7 4 1
19 L 5 5 1
19 L 2 4 1
19 L 4 6 1
19 D 428 27 1
19 D 428 4 1
19 D 428 4 1
20 L 3 3 1
20 L 5 2 1
20 D 430 3 1
21 L 4 4 1
21 L 9 3 1
21 D 432 4 1
22 L 4 1 1
22 L 3 11 1
22 L 5 4 1
22 L 6 6 1
22 L 1 3 1
22 L 7 8 1
22 L 0 9 1
22 L 2 3 1
22 L 8 1 1
22 L 1 47 1
22 L 9 2 1
22 L 4 4 1
22 L 5 12 1
22 L 6 7 1
22 D 434 1 1
22 D 434 4 1
22 D 434 3 1
22 D 434 9 1
22 D 434 1 1
22 D 434 2 1
22 D 434 12 1
23 L 5 3 1
23 L 3 4 1
23 D 436 3 1
24 L 2 16 1
24 L 3 3 1
24 D 438 16 1
25 L 9 9 1
25 L 4 8 1
25 L 6 6 1
25 L 1 5 1
25 L 3 4 1
25 L 5 5 1
25 L 0 2 1
25 L 7 4 1
25 L 2 6 1
25 L 8 5 1
25 L 9 2 1
25 D 440 9 1
25 D 440 6 1
25 D 440 4 1
25 D 440 2 1
25 D 440 6 1
25 D 440 2 1
26 L 9 24 1
26 L 3 6 1
26 L 7 12 1
26 L 5 5 1
26 L 4 5 1
26 L 2 4 1
26 L 8 3 1
26 L 0 9 1
26 D 442 24 1
26 D 442 12 1
26 D 442 5 1
26 D 442 3 1
27 L 1 76 1
27 L 4 6 1
27 L 9 2 1
27 D 444 76 1
27 D 444 2 1
28 L 3 3 1
28 L 4 8 1
28 L 5 3 1
28 L 7 8 1
28 L 9 3 1
28 L 0 5 1
28 L 2 7 1
28 L 8 9 1
28 D 446 3 1
28 D 446 3 1
28 D 446 3 1
28 D 446 7 1
29 L 2 22 1
29 L 3 27 1
29 L 5 36 1
29 L 8 31 1
29 L 0 7 1
29 L 5 6 1
29 D 448 22 1
29 D 448 36 1
29 D 448 7 1
0 L 5 35 1
0 L 4 6 1
0 L 9 4 1
0 L 6 2 1
0 D 301 35 1
0 D 301 4 1
1 L 6 5 1
1 L 4 1 1
1 L 9 3 1
1 L 0 4 1
1 D 347 5 1
1 D 347 3 1
2 L 7 1 1
2 L 3 1 1
2 D 369 1 1
3 L 5 51 1
3 L 8 22 1
3 L 4 2 1
3 L 3 4 1
3 L 5 4 1
3 D 385 51 1
3 D 385 2 1
3 D 385 4 1
4 L 9 1 1
4 L 1 3 1
4 L 4 2 1
4 L 6 2 1
4 D 395 1 1
4 D 395 2 1
5 L 1 36 1
5 L 7 21 1
5 L 1 75 1
5 D 403 36 1
5 D 403 75 1
6 L 3 1 1
6 L 7 3 1
6 L 0 5 1
6 L 2 4 1
6 L 9 2 1
6 L 6 1 1
6 L 1 7 1
6 L 8 65 1
6 D 411 1 1
6 D 411 5 1
6 D 411 2 1
6 D 411 7 1
7 L 8 66 1
7 L 8 16 1
7 L 2 5 1
7 L 7 3 1
7 L 0 1 1
7 L 5 4 1
7 D 419 66 1
7 D 419 5 1
7 D 419 1 1
8 L 7 81 1
8 L 9 31 1
8 L 6 6 1
8 L 1 7 1
8 L 4 3 1
8 L 9 1 1
8 D 423 81 1
8 D 423 6 1
8 D 423 3 1
9 L 7 8 1
9 L 2 9 1
9 D 427 8 1
10 L 0 10 1
10 L 5 6 1
10 L 2 6 1
10 L 7 7 1
10 D 431 10 1
10 D 431 6 1
11 L 4 7 1
11 L 9 6 1
11 L 3 3 1
11 L 5 8 1
11 L 6 6 1
11 D 435 7 1
11 D 435 3 1
11 D 435 6 1
12 L 0 4 1
12 L 5 5 1
12 D 439 4 1
13 L 3 69 1
13 L 4 1 1
13 L 5 3 1
13 L 3 10 1
13 D 443 69 1
13 D 443 3 1
14 L 4 1 1
14 L 3 6 1
14 D 447 1 1
15 L 9 38 1
15 L 3 4 1
15 L 5 1 1
15 L 7 2 1
15 L 4 3 1
15 L 0 3 1
15 D 450 38 1
15 D 450 1 1
15 D 450 3 1
16 L 0 1 1
16 L 5 6 1
16 L 3 2 1
16 L 7 8 1
16 L 2 8 1
16 D 452 1 1
16 D 452 2 1
16 D 452 8 1
17 L 7 80 1
17 L 7 2 1
17 L 2 2 1
17 D 454 80 1
17 D 454 2 1
18 L 3 3 1
18 L 5 4 1
18 D 456 3 1
19 L 3 9 1
19 L 9 3 1
19 L 5 2 1
19 L 6 6 1
19 D 458 9 1
19 D 458 2 1
20 L 4 4 1
20 L 9 5 1
20 L 6 1 1
20 L 8 2 1
20 L 4 1 1
20 L 9 2 1
20 D 460 4 1
20 D 460 1 1
20 D 460 1 1
21 L 4 29 1
21 L 4 39 1
21 L 0 4 1
21 L 5 3 1
21 L 3 4 1
21 L 4 5 1
21 L 7 9 1
21 D 462 29 1
21 D 462 4 1
21 D 462 4 1
21 D 462 9 1
22 L 5 3 1
22 L 3 10 1
22 L 0 8 1
22 L 7 7 1
22 L 2 2 1
22 L 6 5 1
22 L 1 2 1
22 D 464 3 1
22 D 464 8 1
22 D 464 2 1
22 D 464 2 1
23 L 2 60 1
23 L 3 3 1
23 L 7 1 1
23 L 4 2 1
23 L 2 1 1
23 D 466 60 1
23 D 466 1 1
23 D 466 1 1
24 L 7 40 1
24 L 6 17 1
24 L 5 80 1
24 D 468 40 1
24 D 468 80 1
25 L 3 71 1
25 L 6 2 1
25 L 3 3 1
25 L 7 1 1
25 D 470 71 1
25 D 470 3 1
26 L 4 7 1
26 L 6 5 1
26 L 9 4 1
26 D 472 7 1
26 D 472 4 1
27 L 7 5 1
27 L 5 11 1
27 L 0 4 1
27 L 8 4 1
27 L 4 2 1
27 L 6 5 1
27 L 1 6 1
27 L 2 6 1
27 D 474 5 1
27 D 474 4 1
27 D 474 2 1
27 D 474 6 1
28 L 3 5 1
28 L 7 4 1
28 D 476 5 1
29 L 3 6 1
29 L 7 2 1
29 L 4 9 1
29 L 2 7 1
29 L 0 6 1
29 D 478 6 1
29 D 478 9 1
29 D 478 6 1
0 L 4 3 1
0 L 9 6 1
0 L 3 2 1
0 L 5 2 1
0 L 6 3 1
0 L 7 3 1
0 L 1 2 1
0 L 2 8 1
0 L 8 1 1
0 L 3 9 1
0 L 5 2 1
0 L 6 4 1
0 L 7 6 1
0 L 1 1 1
0 L 0 7 1
0 L 2 1 1
0 L 4 1 1
0 D 331 3 1
0 D 331 2 1
0 D 331 3 1
0 D 331 2 1
0 D 331 1 1
0 D 331 2 1
0 D 331 6 1
0 D 331 7 1
0 D 331 1 1
1 L 3 8 1
1 L 5 4 1
1 L 7 4 1
1 L 4 6 1
1 L 2 10 1
1 D 377 8 1
1 D 377 4 1
1 D 377 10 1
2 L 0 7 1
2 L 5 8 1
2 L 3 2 1
2 L 4 6 1
2 D 399 7 1
2 D 399 2 1
3 L 0 4 1
3 L 9 1 1
3 L 7 2 1
3 L 2 3 1
3 L 1 6 1
3 L 7 59 1
3 L 7 52 1
3 L 4 1 1
3 D 415 4 1
3 D 415 2 1
3 D 415 6 1
3 D 415 52 1
4 L 5 4 1
4 L 3 2 1
4 D 425 4 1
5 L 8 64 1
5 L 3 72 1
5 L 5 71 1
5 L 8 34 1
5 D 433 64 1
5 D 433 71 1
6 L 5 1 1
6 L 4 1 1
6 L 0 3 1
6 D 441 1 1
6 D 441 3 1
7 L 3 47 1
7 L 4 4 1
7 L 3 3 1
7 D 449 47 1
7 D 449 3 1
8 L 0 57 1
8 L 4 50 1
8 L 5 2 1
8 L 0 3 1
8 L 3 3 1
8 L 7 8 1
8 L 4 4 1
8 L 2 4 1
8 L 6 8 1
8 L 8 5 1
8 D 453 57 1
8 D 453 2 1
8 D 453 3 1
8 D 453 4 1
8 D 453 8 1
9 L 4 1 1
9 L 5 3 1
9 L 3 5 1
9 L 0 2 1
9 L 6 7 1
9 L 7 1 1
9 D 457 1 1
9 D 457 5 1
9 D 457 7 1
10 L 6 6 1
10 L 9 4 1
10 L 3 2 1
10 D 461 6 1
10 D 461 2 1
11 L 3 2 1
11 L 7 2 1
11 D 465 2 1
12 L 6 87 1
12 L 4 5 1
12 L 9 6 1
12 D 469 87 1
12 D 469 6 1
13 L 3 40 1
13 L 3 6 1
13 L 7 3 1
13 D 473 40 1
13 D 473 3 1
14 L 3 3 1
14 L 5 3 1
14 L 7 1 1
14 L 4 7 1
14 L 0 4 1
14 L 2 4 1
14 L 8 6 1
14 L 9 1 1
14 L 6 7 1
14 L 1 7 1
14 L 3 5 1
14 L 5 7 1
14 D 477 3 1
14 D 477 1 1
14 D 477 4 1
14 D 477 6 1
14 D 477 7 1
14 D 477 5 1
15 L 6 86 1
15 L 6 63 1
15 L 7 20 1
15 D 480 86 1
15 D 480 20 1
16 L 3 26 1
16 L 2 5 1
16 L 7 5 1
16 L 8 9 1
16 L 3 1 1
16 D 482 26 1
16 D 482 5 1
16 D 482 1 1
17 L 9 82 1
17 L 6 38 1
17 D 484 82 1
18 L 8 18 1
18 L 5 1 1
18 L 3 1 1
18 D 486 18 1
18 D 486 1 1
19 L 1 63 1
19 L 7 4 1
19 L 2 4 1
19 L 5 7 1
19 D 488 63 1
19 D 488 4 1
20 L 6 1 1
20 L 1 4 1
20 D 490 1 1
21 L 5 1 1
21 L 7 1 1
21 L 2 1 1
21 L 4 1 1
21 D 492 1 1
21 D 492 1 1
22 L 0 3 1
22 L 5 2 1
22 D 494 3 1
23 L 2 30 1
23 L 3 66 1
23 L 1 35 1
23 L 3 4 1
23 L 4 5 1
23 D 496 30 1
23 D 496 35 1
23 D 496 5 1
24 L 3 3 1
24 L 7 5 1
24 D 498 3 1
25 L 9 23 1
25 L 1 17 1
25 L 0 22 1
25 L 9 6 1
25 D 500 23 1
25 D 500 22 1
26 L 9 24 1
26 L 3 41 1
26 L 7 61 1
26 L 6 2 1
26 D 502 24 1
26 D 502 61 1
27 L 9 5 1
27 L 3 5 1
27 L 6 6 1
27 D 504 5 1
27 D 504 6 1
28 L 3 6 1
28 L 5 5 1
28 D 506 6 1
29 L 5 4 1
29 L 7 4 1
29 L 0 3 1
29 L 2 2 1
29 D 508 4 1
29 D 508 3 1
0 L 5 2 1
0 L 4 4 1
0 L 3 1 1
0 L 7 3 1
0 L 6 6 1
0 L 2 1 1
0 L 9 2 1
0 L 8 4 1
0 L 1 2 1
0 D 361 2 1
0 D 361 1 1
0 D 361 6 1
0 D 361 2 1
0 D 361 2 1
1 L 1 16 1
1 L 3 3 1
1 L 4 3 1
1 D 407 16 1
1 D 407 3 1
2 L 1 14 1
2 L 9 30 1
2 L 7 58 1
2 L 7 5 1
2 D 429 14 1
2 D 429 58 1
3 L 5 2 1
3 L 7 1 1
3 L 2 1 1
3 L 9 1 1
3 D 445 2 1
3 D 445 1 1
4 L 5 32 1
4 L 0 7 1
4 L 4 5 1
4 L 6 10 1
4 D 455 32 1
4 D 455 5 1
5 L 4 8 1
5 L 3 10 1
5 L 5 5 1
5 D 463 8 1
5 D 463 5 1
6 L 7 3 1
6 L 0 3 1
6 L 2 4 1
6 D 471 3 1
6 D 471 4 1
7 L 8 48 1
7 L 9 22 1
7 D 479 48 1
8 L 7 8 1
8 L 5 4 1
8 L 3 4 1
8 L 2 6 1
8 L 0 5 1
8 L 8 5 1
8 L 4 9 1
8 D 483 8 1
8 D 483 4 1
8 D 483 5 1
8 D 483 9 1
9 L 3 2 1
9 L 7 7 1
9 L 5 1 1
9 L 4 3 1
9 L 2 3 1
9 L 0 2 1
9 L 8 4 1
9 L 6 7 1
9 L 1 6 1
9 L 3 3 1
9 D 487 2 1
9 D 487 1 1
9 D 487 3 1
9 D 487 4 1
9 D 487 6 1
10 L 6 3 1
10 L 9 4 1
10 L 1 4 1
10 D 491 3 1
10 D 491 4 1
11 L 3 1 1
11 L 7 6 1
11 L 4 2 1
11 L 0 1 1
11 L 2 2 1
11 L 8 3 1
11 L 6 6 1
11 L 1 5 1
11 L 5 62 1
11 D 495 1 1
11 D 495 2 1
11 D 495 2 1
11 D 495 6 1
11 D 495 62 1
12 L 5 1 1
12 L 3 4 1
12 L 4 5 1
12 D 499 1 1
12 D 499 5 1
13 L 4 3 1
13 L 9 4 1
13 L 8 1 1
13 L 6 9 1
13 L 7 46 1
13 D 503 3 1
13 D 503 1 1
13 D 503 46 1
14 L 8 47 1
14 L 2 40 1
14 L 2 2 1
14 D 507 47 1
14 D 507 2 1
15 L 7 79 1
15 L 6 62 1
15 L 7 35 1
15 D 510 79 1
15 D 510 35 1
16 L 2 5 1
16 L 5 3 1
16 L 0 6 1
16 D 512 5 1
16 D 512 6 1
17 L 4 1 1
17 L 9 1 1
17 L 3 2 1
17 L 5 1 1
17 L 6 4 1
17 L 7 2 1
17 D 514 1 1
17 D 514 2 1
17 D 514 4 1
18 L 9 1 1
18 L 3 2 1
18 L 5 1 1
18 L 7 4 1
18 D 516 1 1
18 D 516 1 1
19 L 3 71 1
19 L 7 52 1
19 L 0 46 1
19 L 4 50 1
19 L 1 74 1
19 D 518 71 1
19 D 518 46 1
19 D 518 74 1
20 L 3 5 1
20 L 5 4 1
20 L 7 1 1
20 L 0 2 1
20 L 2 4 1
20 L 9 7 1
20 L 8 4 1
20 L 6 8 1
20 L 1 3 1
20 L 5 16 1
20 D 520 5 1
20 D 520 1 1
20 D 520 4 1
20 D 520 4 1
20 D 520 3 1
21 L 3 16 1
21 L 3 5 1
21 D 522 16 1
22 L 1 75 1
22 L 4 7 1
22 L 5 4 1
22 D 524 75 1
22 D 524 4 1
23 L 3 65 1
23 L 0 55 1
23 L 9 4 1
23 L 4 3 1
23 D 526 65 1
23 D 526 4 1
24 L 5 1 1
24 L 0 3 1
24 L 7 4 1
24 L 2 1 1
24 D 528 1 1
24 D 528 4 1
25 L 4 25 1
25 L 1 15 1
25 L 3 6 1
25 L 4 2 1
25 D 530 25 1
25 D 530 6 1
26 L 7 60 1
26 L 9 20 1
26 L 0 44 1
26 L 5 45 1
26 D 532 60 1
26 D 532 44 1
27 L 8 1 1
27 L 7 2 1
27 L 2 2 1
27 L 0 3 1
27 L 6 3 1
27 L 8 6 1
27 L 7 5 1
27 L 2 2 1
27 D 534 1 1
27 D 534 2 1
27 D 534 3 1
27 D 534 5 1
28 L 1 34 1
28 L 0 7 1
28 L 5 12 1
28 D 536 34 1
28 D 536 12 1
29 L 6 61 1
29 L 8 52 1
29 L 6 7 1
29 L 4 2 1
29 D 538 61 1
29 D 538 7 1
0 L 6 60 1
0 L 1 73 1
0 L 0 35 1
0 L 9 19 1
0 D 391 60 1
0 D 391 35 1
1 L 6 95 1
1 L 0 4 1
1 L 5 2 1
1 L 2 6 1
1 D 437 95 1
1 D 437 2 1
2 L 6 60 1
2 L 8 48 1
2 L 6 2 1
2 L 4 8 1
2 L 0 5 1
2 D 459 60 1
2 D 459 2 1
2 D 459 5 1
3 L 0 3 1
3 L 5 2 1
3 D 475 3 1
4 L 0 2 1
4 L 7 2 1
4 D 485 2 1
5 L 5 34 1
5 L 0 38 1
5 L 9 81 1
5 D 493 34 1
5 D 493 81 1
6 L 7 51 1
6 L 7 2 1
6 L 5 1 1
6 L 9 1 1
6 L 1 3 1
6 D 501 51 1
6 D 501 1 1
6 D 501 3 1
7 L 6 4 1
7 L 0 1 1
7 D 509 4 1
8 L 8 76 1
8 L 7 51 1
8 L 6 2 1
8 L 9 2 1
8 D 513 76 1
8 D 513 2 1
9 L 5 59 1
9 L 0 41 1
9 L 2 3 1
9 L 7 3 1
9 L 5 1 1
9 L 0 4 1
9 L 3 3 1
9 L 8 10 1
9 L 4 4 1
9 L 6 3 1
9 L 9 4 1
9 D 517 59 1
9 D 517 3 1
9 D 517 1 1
9 D 517 3 1
9 D 517 4 1
9 D 517 4 1
10 L 1 32 1
10 L 5 1 1
10 L 3 4 1
10 D 521 32 1
10 D 521 4 1
11 L 0 4 1
11 L 5 1 1
11 L 4 4 1
11 D 525 4 1
11 D 525 4 1
12 L 0 1 1
12 L 5 5 1
12 L 7 5 1
12 L 2 1 1
12 D 529 1 1
12 D 529 5 1
13 L 4 3 1
13 L 0 6 1
13 L 6 2 1
13 D 533 3 1
13 D 533 2 1
14 L 2 3 1
14 L 7 1 1
14 D 537 3 1
15 L 3 4 1
15 L 5 5 1
15 L 7 8 1
15 L 4 5 1
15 L 0 6 1
15 L 2 4 1
15 D 540 4 1
15 D 540 8 1
15 D 540 6 1
16 L 0 53 1
16 L 3 5 1
16 L 5 5 1
16 L 7 3 1
16 L 2 5 1
16 L 0 5 1
16 D 542 53 1
16 D 542 5 1
16 D 542 5 1
17 L 5 79 1
17 L 5 70 1
17 L 1 34 1
17 L 5 58 1
17 D 544 79 1
17 D 544 34 1
18 L 6 4 1
18 L 1 6 1
18 L 4 6 1
18 D 546 4 1
18 D 546 6 1
19 L 6 37 1
19 L 5 7 1
19 L 0 7 1
19 D 548 37 1
19 D 548 7 1
20 L 4 6 1
20 L 6 1 1
20 L 9 3 1
20 D 550 6 1
20 D 550 3 1
21 L 7 4 1
21 L 5 6 1
21 L 3 6 1
21 D 552 4 1
21 D 552 6 1
22 L 3 2 1
22 L 4 3 1
22 L 9 4 1
22 D 554 2 1
22 D 554 4 1
23 L 6 4 1
23 L 0 3 1
23 L 4 7 1
23 L 5 2 1
23 L 3 5 1
23 D 556 4 1
23 D 556 7 1
23 D 556 5 1
24 L 5 57 1
24 L 4 6 1
24 L 9 7 1
24 L 3 4 1
24 L 5 1 1
24 D 558 57 1
24 D 558 7 1
24 D 558 1 1
25 L 4 6 1
25 L 9 8 1
25 L 3 2 1
25 D 560 6 1
25 D 560 2 1
26 L 0 6 1
26 L 6 4 1
26 D 562 6 1
27 L 9 18 1
27 L 3 39 1
27 L 1 33 1
27 D 564 18 1
27 D 564 33 1
28 L 8 51 1
28 L 1 72 1
28 L 2 27 1
28 L 8 21 1
28 D 566 51 1
28 D 566 27 1
29 L 9 22 1
29 L 5 2 1
29 L 3 1 1
29 L 6 2 1
29 L 7 1 1
29 L 2 1 1
29 D 568 22 1
29 D 568 1 1
29 D 568 1 1
0 L 7 78 1
0 L 9 7 1
0 L 1 8 1
0 D 421 78 1
0 D 421 8 1
1 L 4 1 1
1 L 9 1 1
1 D 467 1 1
2 L 3 38 1
2 L 2 59 1
2 D 489 38 1
3 L 9 2 1
3 L 1 3 1
3 L 4 3 1
3 L 3 3 1
3 L 5 2 1
3 L 0 1 1
3 L 7 1 1
3 L 2 1 1
3 D 505 2 1
3 D 505 3 1
3 D 505 2 1
3 D 505 1 1
4 L 4 7 1
4 L 3 6 1
4 D 515 7 1
5 L 2 19 1
5 L 8 63 1
5 L 4 9 1
5 D 523 19 1
5 D 523 9 1
6 L 4 12 1
6 L 9 6 1
6 D 531 12 1
7 L 5 1 1
7 L 1 4 1
7 L 8 3 1
7 L 0 56 1
7 D 539 1 1
7 D 539 3 1
8 L 6 1 1
8 L 4 2 1
8 L 0 5 1
8 D 543 1 1
8 D 543 5 1
9 L 0 52 1
9 L 8 15 1
9 L 0 6 1
9 L 5 7 1
9 L 3 7 1
9 L 2 9 1
9 L 7 4 1
9 D 547 52 1
9 D 547 6 1
9 D 547 7 1
9 D 547 4 1
10 L 9 5 1
10 L 4 4 1
10 L 3 3 1
10 L 6 5 1
10 L 5 4 1
10 L 1 7 1
10 D 551 5 1
10 D 551 3 1
10 D 551 4 1
11 L 7 6 1
11 L 3 3 1
11 L 2 5 1
11 D 555 6 1
11 D 555 5 1
12 L 3 8 1
12 L 5 1 1
12 L 6 3 1
12 L 7 5 1
12 L 0 6 1
12 L 6 16 1
12 L 4 1 1
12 L 3 1 1
12 L 5 1 1
12 L 1 2 1
12 D 559 8 1
12 D 559 3 1
12 D 559 6 1
12 D 559 1 1
12 D 559 1 1
13 L 4 6 1
13 L 3 9 1
13 L 5 3 1
13 D 563 6 1
13 D 563 3 1
14 L 4 1 1
14 L 1 4 1
14 L 9 4 1
14 L 5 4 1
14 L 3 1 1
14 D 567 1 1
14 D 567 4 1
14 D 567 1 1
15 L 7 59 1
15 L 1 1 1
15 L 5 1 1
15 L 0 1 1
15 L 2 1 1
15 D 570 59 1
15 D 570 1 1
15 D 570 1 1
16 L 6 3 1
16 L 9 3 1
16 L 4 2 1
16 D 572 3 1
16 D 572 2 1
17 L 6 10 1
17 L 4 5 1
17 L 0 10 1
17 D 574 10 1
17 D 574 10 1
18 L 5 78 1
18 L 5 31 1
18 L 4 5 1
18 L 3 3 1
18 D 576 78 1
18 D 576 5 1
19 L 9 8 1
19 L 4 8 1
19 L 1 8 1
19 D 578 8 1
19 D 578 8 1
20 L 3 2 1
20 L 9 7 1
20 L 6 1 1
20 L 8 2 1
20 D 580 2 1
20 D 580 1 1
21 L 6 36 1
21 L 7 58 1
21 L 9 6 1
21 D 582 36 1
21 D 582 6 1
22 L 1 10 1
22 L 4 49 1
22 L 6 59 1
22 L 5 77 1
22 L 2 5 1
22 D 584 10 1
22 D 584 59 1
22 D 584 5 1
23 L 4 38 1
23 L 0 54 1
23 L 7 57 1
23 L 4 24 1
23 L 0 40 1
23 D 586 38 1
23 D 586 57 1
23 D 586 40 1
24 L 6 94 1
24 L 4 2 1
24 L 5 2 1
24 D 588 94 1
24 D 588 2 1
25 L 5 76 1
25 L 4 5 1
25 L 6 6 1
25 L 9 4 1
25 D 590 76 1
25 D 590 6 1
26 L 3 3 1
26 L 5 3 1
26 L 4 7 1
26 L 7 2 1
26 L 2 4 1
26 L 9 8 1
26 L 6 5 1
26 L 8 4 1
26 L 1 4 1
26 L 3 3 1
26 L 5 5 1
26 D 592 3 1
26 D 592 7 1
26 D 592 4 1
26 D 592 5 1
26 D 592 4 1
26 D 592 5 1
27 L 2 11 1
27 L 7 7 1
27 D 594 11 1
28 L 9 80 1
28 L 3 40 1
28 L 6 59 1
28 D 596 80 1
28 D 596 59 1
29 L 0 5 1
29 L 5 4 1
29 L 3 6 1
29 D 598 5 1
29 D 598 6 1
0 L 4 1 1
0 L 6 1 1
0 L 9 3 1
0 L 5 1 1
0 D 451 1 1
0 D 451 3 1
1 L 9 6 1
1 L 4 4 1
1 L 1 5 1
1 L 6 3 1
1 L 3 2 1
1 D 497 6 1
1 D 497 5 1
1 D 497 2 1
2 L 3 5 1
2 L 4 1 1
2 L 5 3 1
2 L 7 6 1
2 D 519 5 1
2 D 519 3 1
3 L 3 39 1
3 L 7 7 1
3 D 535 39 1
4 L 7 77 1
4 L 9 3 1
4 L 6 7 1
4 D 545 77 1
4 D 545 7 1
5 L 5 69 1
5 L 0 9 1
5 L 5 5 1
5 L 3 6 1
5 L 4 5 1
5 D 553 69 1
5 D 553 5 1
5 D 553 5 1
6 L 6 2 1
6 L 3 1 1
6 L 0 2 1
6 L 1 3 1
6 D 561 2 1
6 D 561 2 1
7 L 1 71 1
7 L 6 7 1
7 L 9 2 1
7 L 1 1 1
7 L 5 1 1
7 L 7 2 1
7 D 569 71 1
7 D 569 2 1
7 D 569 1 1
8 L 2 7 1
8 L 7 7 1
8 L 5 5 1
8 L 3 1 1
8 L 8 7 1
8 D 573 7 1
8 D 573 5 1
8 D 573 7 1
9 L 3 6 1
9 L 7 3 1
9 L 5 8 1
9 D 577 6 1
9 D 577 8 1
10 L 9 4 1
10 L 6 2 1
10 D 581 4 1
11 L 4 8 1
11 L 3 3 1
11 L 5 3 1
11 L 9 12 1
11 L 6 9 1
11 L 0 4 1
11 L 7 7 1
11 D 585 8 1
11 D 585 3 1
11 D 585 9 1
11 D 585 7 1
12 L 0 4 1
12 L 5 2 1
12 D 589 4 1
13 L 0 53 1
13 L 6 26 1
13 L 2 77 1
13 L 7 16 1
13 D 593 53 1
13 D 593 77 1
14 L 6 3 1
14 L 1 7 1
14 L 3 1 1
14 L 0 2 1
14 L 7 1 1
14 L 2 5 1
14 D 597 3 1
14 D 597 1 1
14 D 597 1 1
15 L 8 50 1
15 L 9 4 1
15 L 3 4 1
15 L 6 6 1
15 L 5 2 1
15 D 600 50 1
15 D 600 4 1
15 D 600 2 1
16 L 7 10 1
16 L 2 26 1
16 L 3 38 1
16 D 602 10 1
16 D 602 38 1
17 L 8 40 1
17 L 5 15 1
17 L 0 44 1
17 L 1 1 1
17 D 604 40 1
17 D 604 44 1
18 L 9 10 1
18 L 3 5 1
18 L 5 4 1
18 D 606 10 1
18 D 606 4 1
19 L 9 42 1
19 L 7 9 1
19 L 2 3 1
19 L 3 7 1
19 D 608 42 1
19 D 608 3 1
20 L 3 7 1
20 L 5 4 1
20 L 7 9 1
20 L 0 6 1
20 D 610 7 1
20 D 610 9 1
21 L 2 67 1
21 L 2 8 1
21 L 7 3 1
21 D 612 67 1
21 D 612 3 1
22 L 4 4 1
22 L 5 2 1
22 L 6 2 1
22 L 1 4 1
22 L 8 1 1
22 L 9 1 1
22 D 614 4 1
22 D 614 2 1
22 D 614 1 1
23 L 4 1 1
23 L 9 7 1
23 L 3 4 1
23 D 616 1 1
23 D 616 4 1
24 L 0 10 1
24 L 6 2 1
24 L 1 4 1
24 L 9 5 1
24 D 618 10 1
24 D 618 4 1
25 L 5 2 1
25 L 0 3 1
25 L 3 5 1
25 D 620 2 1
25 D 620 5 1
26 L 4 1 1
26 L 9 1 1
26 L 3 1 1
26 D 622 1 1
26 D 622 1 1
27 L 0 4 1
27 L 2 4 1
27 L 5 9 1
27 D 624 4 1
27 D 624 9 1
28 L 4 3 1
28 L 3 6 1
28 L 5 3 1
28 L 0 5 1
28 D 626 3 1
28 D 626 3 1
29 L 2 76 1
29 L 3 6 1
29 L 5 5 1
29 L 7 8 1
29 D 628 76 1
29 D 628 5 1
0 L 8 29 1
0 L 8 20 1
0 L 4 5 1
0 L 6 10 1
0 D 481 29 1
0 D 481 5 1
1 L 0 3 1
1 L 5 2 1
1 L 4 7 1
1 L 3 2 1
1 L 6 8 1
1 L 7 6 1
1 L 2 4 1
1 D 527 3 1
1 D 527 7 1
1 D 527 8 1
1 D 527 4 1
2 L 7 50 1
2 L 9 57 1
2 L 3 2 1
2 L 0 2 1
2 L 4 1 1
2 L 6 5 1
2 L 9 2 1
2 D 549 50 1
2 D 549 2 1
2 D 549 1 1
2 D 549 2 1
3 L 7 5 1
3 L 3 3 1
3 L 0 3 1
3 D 565 5 1
3 D 565 3 1
4 L 3 6 1
4 L 7 7 1
4 D 575 6 1
5 L 4 4 1
5 L 3 2 1
5 D 583 4 1
6 L 7 57 1
6 L 4 37 1
6 D 591 57 1
7 L 1 9 1
7 L 5 2 1
7 L 7 2 1
7 L 4 1 1
7 L 0 3 1
7 D 599 9 1
7 D 599 2 1
7 D 599 3 1
8 L 3 2 1
8 L 5 2 1
8 L 4 6 1
8 L 7 1 1
8 L 2 3 1
8 L 9 7 1
8 L 8 3 1
8 L 6 4 1
8 L 1 3 1
8 L 3 3 1
8 L 5 3 1
8 L 4 1 1
8 D 603 2 1
8 D 603 6 1
8 D 603 3 1
8 D 603 3 1
8 D 603 3 1
8 D 603 3 1
9 L 4 9 1
9 L 9 8 1
9 D 607 9 1
10 L 4 2 1
10 L 7 3 1
10 L 2 1 1
10 L 9 2 1
10 L 8 1 1
10 L 5 1 1
10 L 7 1 1
10 D 611 2 1
10 D 611 1 1
10 D 611 1 1
10 D 611 1 1
11 L 3 64 1
11 L 0 15 1
11 L 0 3 1
11 D 615 64 1
11 D 615 3 1
12 L 0 5 1
12 L 6 5 1
12 L 5 1 1
12 L 3 8 1
12 D 619 5 1
12 D 619 1 1
13 L 9 42 1
13 L 7 15 1
13 L 2 57 1
13 D 623 42 1
13 D 623 57 1
14 L 6 2 1
14 L 0 5 1
14 L 3 7 1
14 L 7 4 1
14 L 6 8 1
14 L 4 4 1
14 L 5 4 1
14 D 627 2 1
14 D 627 7 1
14 D 627 8 1
14 D 627 4 1
15 L 1 53 1
15 L 2 1 1
15 L 7 4 1
15 L 3 1 1
15 D 630 53 1
15 D 630 4 1
16 L 3 1 1
16 L 7 9 1
16 L 4 3 1
16 L 2 6 1
16 L 0 2 1
16 D 632 1 1
16 D 632 3 1
16 D 632 2 1
17 L 7 76 1
17 L 7 75 1
17 L 4 1 1
17 L 3 3 1
17 D 634 76 1
17 D 634 1 1
18 L 3 2 1
18 L 5 7 1
18 L 7 5 1
18 L 2 4 1
18 L 0 6 1
18 D 636 2 1
18 D 636 5 1
18 D 636 6 1
19 L 6 10 1
19 L 4 8 1
19 L 9 9 1
19 D 638 10 1
19 D 638 9 1
20 L 6 1 1
20 L 4 7 1
20 L 1 5 1
20 L 3 5 1
20 L 0 4 1
20 D 640 1 1
20 D 640 5 1
20 D 640 4 1
21 L 3 1 1
21 L 4 3 1
21 D 642 1 1
22 L 1 70 1
22 L 5 75 1
22 L 0 6 1
22 D 644 70 1
22 D 644 6 1
23 L 2 58 1
23 L 4 4 1
23 L 3 5 1
23 D 646 58 1
23 D 646 5 1
24 L 5 29 1
24 L 3 7 1
24 L 5 3 1
24 D 648 29 1
24 D 648 3 1
25 L 6 1 1
25 L 4 2 1
25 D 650 1 1
26 L 0 3 1
26 L 1 5 1
26 L 7 1 1
26 L 2 2 1
26 L 3 71 1
26 D 652 3 1
26 D 652 1 1
26 D 652 71 1
27 L 5 1 1
27 L 3 2 1
27 D 654 1 1
28 L 0 7 1
28 L 5 5 1
28 L 4 7 1
28 L 3 2 1
28 L 6 5 1
28 L 7 6 1
28 D 656 7 1
28 D 656 7 1
28 D 656 5 1
29 L 9 2 1
29 L 3 5 1
29 L 7 2 1
29 D 658 2 1
29 D 658 2 1
0 L 8 32 1
0 L 3 3 1
0 L 5 1 1
0 L 0 1 1
0 L 9 3 1
0 L 2 4 1
0 D 511 32 1
0 D 511 1 1
0 D 511 3 1
1 L 7 56 1
1 L 6 93 1
1 L 9 1 1
1 D 557 56 1
1 D 557 1 1
2 L 3 19 1
2 L 9 3 1
2 L 3 2 1
2 L 5 2 1
2 L 0 1 1
2 D 579 19 1
2 D 579 2 1
2 D 579 1 1
3 L 2 2 1
3 L 7 2 1
3 L 8 4 1
3 L 3 1 1
3 D 595 2 1
3 D 595 4 1
4 L 3 68 1
4 L 1 13 1
4 L 3 40 1
4 L 4 36 1
4 D 605 68 1
4 D 605 40 1
5 L 3 4 1
5 L 5 3 1
5 L 7 3 1
5 D 613 4 1
5 D 613 3 1
6 L 5 50 1
6 L 6 7 1
6 L 4 3 1
6 L 0 8 1
6 D 621 50 1
6 D 621 3 1
7 L 5 17 1
7 L 5 33 1
7 L 3 63 1
7 L 3 5 1
7 D 629 17 1
7 D 629 63 1
8 L 3 13 1
8 L 3 5 1
8 L 5 5 1
8 D 633 13 1
8 D 633 5 1
9 L 2 5 1
9 L 8 5 1
9 D 637 5 1
10 L 7 49 1
10 L 9 9 1
10 L 5 2 1
10 L 3 3 1
10 D 641 49 1
10 D 641 2 1
11 L 0 43 1
11 L 3 6 1
11 L 4 4 1
11 L 5 2 1
11 L 7 3 1
11 D 645 43 1
11 D 645 4 1
11 D 645 3 1
12 L 7 1 1
12 L 3 4 1
12 L 2 1 1
12 D 649 1 1
12 D 649 1 1
13 L 4 4 1
13 L 3 4 1
13 D 653 4 1
14 L 1 9 1
14 L 9 8 1
14 L 4 7 1
14 D 657 9 1
14 D 657 7 1
15 L 5 16 1
15 L 6 3 1
15 L 4 3 1
15 D 660 16 1
15 D 660 3 1
16 L 4 2 1
16 L 3 3 1
16 L 0 1 1
16 D 662 2 1
16 D 662 1 1
17 L 2 1 1
17 L 7 2 1
17 L 5 7 1
17 D 664 1 1
17 D 664 7 1
18 L 6 8 1
18 L 9 3 1
18 D 666 8 1
19 L 9 21 1
19 L 5 5 1
19 L 7 4 1
19 L 4 4 1
19 L 0 2 1
19 L 2 2 1
19 D 668 21 1
19 D 668 4 1
19 D 668 2 1
20 L 1 5 1
20 L 6 4 1
20 D 670 5 1
21 L 6 44 1
21 L 0 2 1
21 L 5 3 1
21 D 672 44 1
21 D 672 3 1
22 L 0 11 1
22 L 5 4 1
22 D 674 11 1
23 L 2 14 1
23 L 3 7 1
23 L 9 2 1
23 L 7 3 1
23 D 676 14 1
23 D 676 2 1
24 L 3 39 1
24 L 0 10 1
24 L 5 3 1
24 D 678 39 1
24 D 678 3 1
25 L 7 5 1
25 L 4 1 1
25 L 2 1 1
25 L 8 2 1
25 L 6 5 1
25 L 1 4 1
25 L 3 3 1
25 L 5 5 1
25 L 7 4 1
25 D 680 5 1
25 D 680 1 1
25 D 680 5 1
25 D 680 3 1
25 D 680 4 1
26 L 5 2 1
26 L 3 3 1
26 L 7 2 1
26 D 682 2 1
26 D 682 2 1
27 L 2 75 1
27 L 6 85 1
27 L 0 45 1
27 D 684 75 1
27 D 684 45 1
28 L 2 74 1
28 L 6 3 1
28 L 4 5 1
28 D 686 74 1
28 D 686 5 1
29 L 4 4 1
29 L 9 7 1
29 L 6 6 1
29 D 688 4 1
29 D 688 6 1
0 L 2 3 1
0 L 7 3 1
0 L 5 4 1
0 L 0 6 1
0 L 3 6 1
0 D 541 3 1
0 D 541 4 1
0 D 541 6 1
1 L 9 40 1
1 L 9 31 1
1 L 5 47 1
1 L 4 5 1
1 D 587 40 1
1 D 587 47 1
2 L 1 74 1
2 L 0 1 1
2 L 6 2 1
2 L 2 4 1
2 L 8 1 1
2 D 609 74 1
2 D 609 2 1
2 D 609 1 1
3 L 3 1 1
3 L 4 2 1
3 D 625 1 1
4 L 3 1 1
4 L 5 1 1
4 L 7 7 1
4 L 2 7 1
4 L 8 5 1
4 L 9 2 1
4 D 635 1 1
4 D 635 7 1
4 D 635 5 1
5 L 5 1 1
5 L 0 3 1
5 L 9 1 1
5 L 8 5 1
5 L 1 1 1
5 L 3 5 1
5 D 643 1 1
5 D 643 1 1
5 D 643 1 1
6 L 3 2 1
6 L 5 1 1
6 D 651 2 1
7 L 3 62 1
7 L 8 28 1
7 L 7 1 1
7 L 3 5 1
7 D 659 62 1
7 D 659 1 1
8 L 5 4 1
8 L 3 4 1
8 L 0 4 1
8 L 4 4 1
8 L 7 2 1
8 L 2 4 1
8 D 663 4 1
8 D 663 4 1
8 D 663 2 1
9 L 3 5 1
9 L 4 4 1
9 L 5 3 1
9 L 7 2 1
9 L 9 1 1
9 D 667 5 1
9 D 667 3 1
9 D 667 1 1
10 L 4 3 1
10 L 3 5 1
10 L 5 1 1
10 L 7 2 1
10 L 9 3 1
10 D 671 3 1
10 D 671 1 1
10 D 671 3 1
11 L 1 62 1
11 L 4 6 1
11 L 0 2 1
11 D 675 62 1
11 D 675 2 1
12 L 9 1 1
12 L 4 1 1
12 L 3 4 1
12 D 679 1 1
12 D 679 4 1
13 L 5 68 1
13 D 683 68 1
14 L 0 62 1
14 L 4 5 1
14 L 3 5 1
14 D 687 62 1
14 D 687 5 1
15 L 1 46 1
15 L 3 4 1
15 L 4 3 1
15 D 690 46 1
15 D 690 3 1
16 L 9 37 1
16 L 9 2 1
16 L 4 1 1
16 D 692 37 1
16 D 692 1 1
17 L 4 7 1
17 L 6 11 1
17 L 9 7 1
17 D 694 7 1
17 D 694 7 1
18 L 1 14 1
18 L 3 2 1
18 L 5 5 1
18 D 696 14 1
18 D 696 5 1
19 L 2 26 1
19 L 0 9 1
19 L 5 8 1
19 D 698 26 1
19 D 698 8 1
20 L 5 18 1
20 L 2 66 1
20 L 6 4 1
20 D 700 18 1
20 D 700 4 1
21 L 9 7 1
21 L 6 3 1
21 D 702 7 1
22 L 6 6 1
22 L 4 2 1
22 L 0 7 1
22 L 5 3 1
22 D 704 6 1
22 D 704 7 1
23 L 9 2 1
23 L 1 14 1
23 L 4 3 1
23 L 6 11 1
23 L 3 3 1
23 L 5 3 1
23 D 706 2 1
23 D 706 3 1
23 D 706 3 1
24 L 5 74 1
24 L 4 1 1
24 L 5 10 1
24 L 6 4 1
24 L 0 3 1
24 L 7 4 1
24 D 708 74 1
24 D 708 10 1
24 D 708 3 1
25 L 0 55 1
25 L 0 28 1
25 L 0 21 1
25 L 8 12 1
25 L 2 11 1
25 D 710 55 1
25 D 710 21 1
25 D 710 11 1
26 L 6 1 1
26 L 0 4 1
26 L 5 4 1
26 L 3 2 1
26 D 712 1 1
26 D 712 4 1
27 L 8 1 1
27 L 7 4 1
27 L 0 2 1
27 L 6 2 1
27 D 714 1 1
27 D 714 2 1
28 L 3 9 1
28 L 7 7 1
28 L 5 8 1
28 D 716 9 1
28 D 716 8 1
29 L 8 39 1
29 L 3 5 1
29 L 5 4 1
29 L 7 11 1
29 L 4 4 1
29 L 2 3 1
29 L 0 8 1
29 D 718 39 1
29 D 718 4 1
29 D 718 4 1
29 D 718 8 1
0 L 3 4 1
0 L 5 2 1
0 D 571 4 1
1 L 3 70 1
1 L 3 69 1
1 L 4 8 1
1 D 617 70 1
1 D 617 8 1
2 L 3 6 1
2 L 5 10 1
2 L 4 4 1
2 L 7 8 1
2 L 2 5 1
2 L 0 9 1
2 D 639 6 1
2 D 639 4 1
2 D 639 5 1
3 L 0 34 1
3 L 4 6 1
3 L 5 9 1
3 D 655 34 1
3 D 655 9 1
4 L 5 2 1
4 L 0 5 1
4 L 3 8 1
4 D 665 2 1
4 D 665 8 1
5 L 4 2 1
5 L 5 2 1
5 L 9 2 1
5 L 0 2 1
5 L 2 1 1
5 L 6 1 1
5 L 4 1 1
5 D 673 2 1
5 D 673 2 1
5 D 673 1 1
5 D 673 1 1
6 L 4 3 1
6 L 3 5 1
6 L 5 9 1
6 L 0 8 1
6 L 7 7 1
6 L 6 11 1
6 D 681 3 1
6 D 681 9 1
6 D 681 7 1
7 L 1 61 1
7 L 6 2 1
7 L 4 3 1
7 L 9 3 1
7 L 3 2 1
7 L 0 3 1
7 L 7 2 1
7 L 2 2 1
7 L 8 9 1
7 L 6 7 1
7 D 689 61 1
7 D 689 3 1
7 D 689 2 1
7 D 689 2 1
7 D 689 9 1
8 L 4 52 1
8 L 3 15 1
8 L 6 84 1
8 D 693 52 1
8 D 693 84 1
9 L 1 45 1
9 L 0 54 1
9 L 0 3 1
9 L 3 3 1
9 L 7 6 1
9 D 697 45 1
9 D 697 3 1
9 D 697 6 1
10 L 9 30 1
10 L 5 1 1
10 L 0 1 1
10 L 4 1 1
10 L 9 1 1
10 L 2 3 1
10 L 3 4 1
10 L 5 3 1
10 D 701 30 1
10 D 701 1 1
10 D 701 1 1
10 D 701 4 1
11 L 9 7 1
11 L 3 4 1
11 L 5 2 1
11 L 1 4 1
11 D 705 7 1
11 D 705 2 1
12 L 8 33 1
12 L 4 5 1
12 L 3 6 1
12 L 5 6 1
12 D 709 33 1
12 D 709 6 1
13 L 4 48 1
13 L 5 3 1
13 L 4 10 1
13 L 3 2 1
13 L 6 1 1
13 L 7 4 1
13 D 713 48 1
13 D 713 10 1
13 D 713 1 1
14 L 9 3 1
14 L 4 3 1
14 L 3 2 1
14 D 717 3 1
14 D 717 2 1
15 L 3 68 1
15 L 2 65 1
15 L 9 2 1
15 D 720 68 1
15 D 720 2 1
16 L 6 15 1
16 L 1 31 1
16 L 0 4 1
16 D 722 15 1
16 D 722 4 1
17 L 8 38 1
17 L 2 4 1
17 L 7 7 1
17 D 724 38 1
17 D 724 7 1
18 L 6 9 1
18 L 4 3 1
18 L 0 7 1
18 L 5 3 1
18 L 3 4 1
18 L 9 6 1
18 L 7 10 1
18 L 2 2 1
18 D 726 9 1
18 D 726 7 1
18 D 726 4 1
18 D 726 10 1
19 L 4 4 1
19 L 9 12 1
19 L 6 9 1
19 D 728 4 1
19 D 728 9 1
20 L 8 47 1
20 L 3 5 1
20 L 7 8 1
20 L 4 2 1
20 D 730 47 1
20 D 730 8 1
21 L 0 6 1
21 L 7 4 1
21 L 2 3 1
21 L 4 4 1
21 D 732 6 1
21 D 732 3 1
22 L 5 44 1
22 L 6 83 1
22 L 4 3 1
22 D 734 44 1
22 D 734 3 1
23 L 6 21 1
23 L 4 2 1
23 L 3 4 1
23 L 5 4 1
23 D 736 21 1
23 D 736 4 1
24 L 4 1 1
24 L 3 1 1
24 L 9 2 1
24 D 738 1 1
24 D 738 2 1
25 L 5 5 1
25 L 3 5 1
25 L 0 5 1
25 L 7 13 1
25 D 740 5 1
25 D 740 5 1
26 L 7 55 1
26 L 7 56 1
26 L 0 52 1
26 D 742 55 1
26 D 742 52 1
27 L 0 5 1
27 L 5 3 1
27 L 3 2 1
27 L 4 3 1
27 L 6 4 1
27 L 7 7 1
27 D 744 5 1
27 D 744 2 1
27 D 744 4 1
28 L 7 6 1
28 L 3 6 1
28 D 746 6 1
29 L 3 70 1
29 L 2 39 1
29 L 6 58 1
29 D 748 70 1
29 D 748 58 1
0 L 8 14 1
0 L 6 4 1
0 L 1 3 1
0 L 7 4 1
0 L 8 1 1
0 L 6 1 1
0 D 601 14 1
0 D 601 3 1
0 D 601 1 1
1 L 9 2 1
1 L 1 7 1
1 L 4 7 1
1 L 6 9 1
1 L 3 2 1
1 L 5 1 1
1 L 7 7 1
1 L 0 3 1
1 D 647 2 1
1 D 647 7 1
1 D 647 2 1
1 D 647 7 1
2 L 8 49 1
2 L 6 92 1
2 L 9 45 1
2 D 669 49 1
2 D 669 45 1
3 L 1 6 1
3 L 9 2 1
3 L 4 4 1
3 D 685 6 1
3 D 685 4 1
4 L 3 4 1
4 L 4 1 1
4 L 5 2 1
4 L 7 7 1
4 D 695 4 1
4 D 695 2 1
5 L 1 32 1
5 L 4 51 1
5 L 4 5 1
5 L 5 4 1
5 L 9 9 1
5 D 703 32 1
5 D 703 5 1
5 D 703 9 1
6 L 4 4 1
6 L 3 5 1
6 D 711 4 1
7 L 6 6 1
7 L 9 6 1
7 L 0 4 1
7 D 719 6 1
7 D 719 4 1
8 L 7 34 1
8 L 3 4 1
8 D 723 34 1
9 L 4 47 1
9 L 4 2 1
9 L 6 6 1
9 D 727 47 1
9 D 727 6 1
10 L 3 33 1
10 L 5 1 1
10 L 0 3 1
10 D 731 33 1
10 D 731 3 1
11 L 3 61 1
11 L 8 75 1
11 L 1 6 1
11 L 4 3 1
11 D 735 61 1
11 D 735 6 1
12 L 6 19 1
12 L 9 56 1
12 L 6 3 1
12 L 4 2 1
12 D 739 19 1
12 D 739 3 1
13 L 5 49 1
13 L 5 73 1
13 L 7 48 1
13 L 9 5 1
13 L 5 1 1
13 D 743 49 1
13 D 743 48 1
13 D 743 1 1
14 L 5 61 1
14 L 6 3 1
14 L 9 5 1
14 L 5 1 1
14 L 0 3 1
14 D 747 61 1
14 D 747 5 1
14 D 747 3 1
15 L 0 39 1
15 L 0 7 1
15 L 5 8 1
15 L 3 4 1
15 L 2 4 1
15 L 7 6 1
15 D 750 39 1
15 D 750 8 1
15 D 750 4 1
16 L 9 79 1
16 L 2 13 1
16 L 7 74 1
16 D 752 79 1
16 D 752 74 1
17 L 2 7 1
17 L 7 2 1
17 L 0 4 1
17 L 5 5 1
17 L 3 4 1
17 D 754 7 1
17 D 754 4 1
17 D 754 4 1
18 L 3 4 1
18 L 4 3 1
18 L 5 1 1
18 L 9 1 1
18 L 2 1 1
18 L 8 1 1
18 L 6 1 1
18 L 1 2 1
18 D 756 4 1
18 D 756 1 1
18 D 756 1 1
18 D 756 1 1
19 L 9 11 1
19 L 4 6 1
19 L 3 1 1
19 L 5 1 1
19 L 6 7 1
19 L 7 5 1
19 L 1 6 1
19 D 758 11 1
19 D 758 1 1
19 D 758 7 1
19 D 758 6 1
20 L 1 69 1
20 D 760 69 1
21 L 8 49 1
21 L 8 64 1
21 L 0 33 1
21 D 762 49 1
21 D 762 33 1
22 L 3 70 1
22 L 2 2 1
22 L 0 1 1
22 L 5 2 1
22 L 3 3 1
22 L 8 3 1
22 L 6 7 1
22 L 9 6 1
22 L 1 2 1
22 D 764 70 1
22 D 764 1 1
22 D 764 3 1
22 D 764 7 1
22 D 764 2 1
23 L 9 17 1
23 L 4 2 1
23 L 9 3 1
23 D 766 17 1
23 D 766 3 1
24 L 0 53 1
24 L 0 2 1
24 L 4 3 1
24 D 768 53 1
24 D 768 3 1
25 L 9 55 1
25 L 0 38 1
25 L 4 2 1
25 L 5 7 1
25 L 3 3 1
25 D 770 55 1
25 D 770 2 1
25 D 770 3 1
26 L 8 48 1
26 L 8 62 1
26 L 3 5 1
26 D 772 48 1
26 D 772 5 1
27 L 5 9 1
27 L 7 3 1
27 L 0 2 1
27 L 8 3 1
27 L 6 3 1
27 L 1 5 1
27 L 7 39 1
27 D 774 9 1
27 D 774 2 1
27 D 774 3 1
27 D 774 39 1
28 L 6 2 1
28 L 4 5 1
28 L 5 2 1
28 L 0 1 1
28 L 3 1 1
28 D 776 2 1
28 D 776 2 1
28 D 776 1 1
29 L 4 5 1
29 L 9 5 1
29 D 778 5 1
0 L 9 6 1
0 L 4 5 1
0 L 3 1 1
0 L 5 1 1
0 L 6 3 1
0 L 1 2 1
0 L 2 2 1
0 L 8 2 1
0 L 8 48 1
0 L 4 28 1
0 D 631 6 1
0 D 631 1 1
0 D 631 3 1
0 D 631 2 1
0 D 631 48 1
1 L 9 8 1
1 L 6 1 1
1 L 1 9 1
1 L 3 3 1
1 L 5 4 1
1 D 677 8 1
1 D 677 9 1
1 D 677 4 1
2 L 7 45 1
2 L 4 1 1
2 L 5 1 1
2 D 699 45 1
2 D 699 1 1
3 L 3 37 1
3 L 9 1 1
3 L 1 2 1
3 L 3 1 1
3 D 715 37 1
3 D 715 2 1
4 L 5 3 1
4 L 7 6 1
4 L 9 3 1
4 L 8 7 1
4 L 1 3 1
4 D 725 3 1
4 D 725 3 1
4 D 725 3 1
5 L 9 36 1
5 L 2 1 1
5 L 7 7 1
5 D 733 36 1
5 D 733 7 1
6 L 4 4 1
6 L 9 8 1
6 L 6 10 1
6 L 1 8 1
6 L 5 3 1
6 D 741 4 1
6 D 741 10 1
6 D 741 3 1
7 L 8 57 1
7 L 9 39 1
7 L 3 4 1
7 D 749 57 1
7 D 749 4 1
8 L 4 2 1
8 L 9 2 1
8 L 3 3 1
8 L 5 1 1
8 L 6 3 1
8 L 0 2 1
8 L 2 2 1
8 L 1 4 1
8 L 1 37 1
8 D 753 2 1
8 D 753 3 1
8 D 753 3 1
8 D 753 2 1
8 D 753 37 1
9 L 1 4 1
9 L 9 2 1
9 L 6 6 1
9 D 757 4 1
9 D 757 6 1
10 L 3 1 1
10 L 5 1 1
10 L 9 3 1
10 D 761 1 1
10 D 761 3 1
11 L 1 44 1
11 L 4 3 1
11 L 6 5 1
11 D 765 44 1
11 D 765 5 1
12 L 4 7 1
12 L 3 4 1
12 D 769 7 1
13 L 3 25 1
13 L 4 23 1
13 L 7 6 1
13 L 5 3 1
13 D 773 25 1
13 D 773 6 1
14 L 6 1 1
14 L 9 1 1
14 L 6 41 1
14 D 777 1 1
14 D 777 41 1
15 L 4 3 1
15 L 7 3 1
15 L 0 2 1
15 L 9 2 1
15 D 780 3 1
15 D 780 2 1
16 L 5 43 1
16 L 7 33 1
16 L 3 1 1
16 D 782 43 1
16 D 782 1 1
17 L 2 10 1
17 L 6 16 1
17 L 6 3 1
17 L 7 3 1
17 L 1 2 1
17 L 0 4 1
17 D 784 10 1
17 D 784 3 1
17 D 784 2 1
18 L 3 3 1
18 L 5 3 1
18 D 786 3 1
19 L 1 68 1
19 L 2 8 1
19 L 7 6 1
19 D 788 68 1
19 D 788 6 1
20 L 0 61 1
20 L 6 8 1
20 L 9 41 1
20 D 790 61 1
20 D 790 41 1
21 L 7 1 1
21 L 0 2 1
21 L 8 3 1
21 D 792 1 1
21 D 792 3 1
22 L 9 21 1
22 L 3 12 1
22 L 3 9 1
22 D 794 21 1
22 D 794 9 1
23 L 8 32 1
23 L 1 1 1
23 L 4 2 1
23 L 3 3 1
23 D 796 32 1
23 D 796 2 1
24 L 4 3 1
24 L 5 2 1
24 L 9 7 1
24 L 7 6 1
24 L 6 9 1
24 D 798 3 1
24 D 798 7 1
24 D 798 9 1
25 L 0 2 1
25 L 7 4 1
25 L 2 3 1
25 L 4 5 1
25 L 8 4 1
25 L 6 6 1
25 L 9 10 1
25 D 800 2 1
25 D 800 3 1
25 D 800 4 1
25 D 800 10 1
26 L 4 4 1
26 L 6 5 1
26 L 9 4 1
26 L 3 6 1
26 L 5 2 1
26 L 0 4 1
26 D 802 4 1
26 D 802 4 1
26 D 802 2 1
27 L 3 33 1
27 L 3 4 1
27 L 5 6 1
27 D 804 33 1
27 D 804 6 1
28 L 3 8 1
28 L 5 7 1
28 L 7 6 1
28 D 806 8 1
28 D 806 6 1
29 L 5 60 1
29 L 3 2 1
29 L 5 5 1
29 L 7 4 1
29 L 4 1 1
29 D 808 60 1
29 D 808 5 1
29 D 808 1 1
0 L 3 69 1
0 L 5 56 1
0 L 0 9 1
0 L 5 9 1
0 D 661 69 1
0 D 661 9 1
1 L 3 2 1
1 L 7 1 1
1 L 5 3 1
1 L 2 6 1
1 L 8 1 1
1 D 707 2 1
1 D 707 3 1
1 D 707 1 1
2 L 4 1 1
2 L 3 2 1
2 L 7 6 1
2 D 729 1 1
2 D 729 6 1
3 L 4 22 1
3 L 6 9 1
3 L 4 3 1
3 L 9 3 1
3 D 745 22 1
3 D 745 3 1
4 L 1 4 1
4 L 6 2 1
4 L 5 8 1
4 L 7 2 1
4 L 0 1 1
4 L 8 2 1
4 L 8 61 1
4 D 755 4 1
4 D 755 8 1
4 D 755 1 1
4 D 755 61 1
5 L 5 17 1
5 L 4 27 1
5 L 7 4 1
5 L 9 2 1
5 D 763 17 1
5 D 763 4 1
6 L 4 14 1
6 L 6 6 1
6 L 7 1 1
6 L 2 1 1
6 D 771 14 1
6 D 771 1 1
7 L 7 38 1
7 L 4 6 1
7 L 3 2 1
7 L 5 2 1
7 L 0 3 1
7 L 6 6 1
7 L 2 3 1
7 L 1 6 1
7 L 8 5 1
7 L 3 60 1
7 D 779 38 1
7 D 779 2 1
7 D 779 3 1
7 D 779 3 1
7 D 779 5 1
8 L 6 4 1
8 L 9 4 1
8 L 1 7 1
8 L 3 1 1
8 L 5 6 1
8 D 783 4 1
8 D 783 7 1
8 D 783 6 1
9 L 6 4 1
9 L 4 1 1
9 L 5 1 1
9 D 787 4 1
9 D 787 1 1
10 L 2 29 1
10 L 3 3 1
10 L 0 2 1
10 D 791 29 1
10 D 791 2 1
11 L 7 38 1
11 L 7 6 1
11 L 2 6 1
11 L 8 4 1
11 D 795 38 1
11 D 795 6 1
12 L 9 5 1
12 L 4 2 1
12 L 3 3 1
12 L 7 9 1
12 L 5 2 1
12 L 8 2 1
12 L 2 1 1
12 L 0 6 1
12 D 799 5 1
12 D 799 3 1
12 D 799 2 1
12 D 799 1 1
13 L 5 5 1
13 L 7 2 1
13 L 0 5 1
13 D 803 5 1
13 D 803 5 1
14 L 8 37 1
14 L 0 4 1
14 L 5 4 1
14 D 807 37 1
14 D 807 4 1
15 L 2 56 1
15 L 4 1 1
15 L 3 3 1
15 L 6 2 1
15 L 5 1 1
15 D 810 56 1
15 D 810 3 1
15 D 810 1 1
16 L 3 2 1
16 L 4 2 1
16 L 0 5 1
16 L 2 4 1
16 D 812 2 1
16 D 812 5 1
17 L 9 5 1
17 L 4 24 1
17 L 4 1 1
17 L 9 1 1
17 D 814 5 1
17 D 814 1 1
18 L 7 49 1
18 D 816 49 1
19 L 0 51 1
19 L 6 1 1
19 L 3 6 1
19 L 0 4 1
19 L 7 3 1
19 L 3 37 1
19 L 9 4 1
19 L 4 1 1
19 L 1 2 1
19 L 6 6 1
19 L 3 2 1
19 L 5 3 1
19 L 7 1 1
19 L 2 1 1
19 L 0 60 1
19 D 818 51 1
19 D 818 6 1
19 D 818 3 1
19 D 818 4 1
19 D 818 2 1
19 D 818 2 1
19 D 818 1 1
19 D 818 60 1
20 L 1 36 1
20 L 8 63 1
20 D 820 36 1
21 L 4 3 1
21 L 9 3 1
21 L 3 5 1
21 L 5 1 1
21 L 7 3 1
21 L 6 4 1
21 D 822 3 1
21 D 822 5 1
21 D 822 3 1
22 L 0 1 1
22 L 6 5 1
22 L 9 2 1
22 D 824 1 1
22 D 824 2 1
23 L 2 57 1
23 L 6 57 1
23 L 5 7 1
23 D 826 57 1
23 D 826 7 1
24 L 8 3 1
24 L 2 2 1
24 L 7 1 1
24 L 5 1 1
24 D 828 3 1
24 D 828 1 1
25 L 5 55 1
25 L 9 23 1
25 L 3 67 1
25 D 830 55 1
25 D 830 67 1
26 L 6 7 1
26 L 2 64 1
26 D 832 7 1
27 L 0 3 1
27 L 3 4 1
27 L 4 2 1
27 L 6 3 1
27 L 7 2 1
27 L 2 6 1
27 D 834 3 1
27 D 834 2 1
27 D 834 2 1
28 L 1 4 1
28 L 6 1 1
28 L 7 3 1
28 L 0 1 1
28 D 836 4 1
28 D 836 3 1
29 L 8 65 1
29 L 4 3 1
29 D 838 65 1
0 L 4 49 1
0 L 7 10 1
0 L 2 4 1
0 L 8 10 1
0 D 691 49 1
0 D 691 4 1
1 L 1 33 1
1 L 0 59 1
1 L 8 46 1
1 D 737 33 1
1 D 737 46 1
2 L 1 32 1
2 L 8 47 1
2 L 4 13 1
2 D 759 32 1
2 D 759 13 1
3 L 0 3 1
3 L 5 2 1
3 L 3 1 1
3 L 9 7 1
3 L 2 5 1
3 D 775 3 1
3 D 775 1 1
3 D 775 5 1
4 L 6 1 1
4 L 9 4 1
4 D 785 1 1
5 L 3 5 1
5 L 1 43 1
5 L 5 2 1
5 L 3 1 1
5 L 6 5 1
5 L 9 3 1
5 L 1 1 1
5 L 5 67 1
5 L 6 43 1
5 D 793 5 1
5 D 793 2 1
5 D 793 5 1
5 D 793 1 1
5 D 793 43 1
6 L 0 43 1
6 L 5 66 1
6 L 1 73 1
6 L 1 15 1
6 L 1 14 1
6 D 801 43 1
6 D 801 73 1
6 D 801 14 1
7 L 4 3 1
7 L 9 11 1
7 L 3 7 1
7 D 809 3 1
7 D 809 7 1
8 L 0 58 1
8 L 3 32 1
8 L 3 32 1
8 D 813 58 1
8 D 813 32 1
9 L 4 4 1
9 L 3 4 1
9 L 5 2 1
9 D 817 4 1
9 D 817 2 1
10 L 5 1 1
10 L 0 1 1
10 L 7 4 1
10 D 821 1 1
10 D 821 4 1
11 L 3 55 1
11 L 0 37 1
11 L 6 5 1
11 L 4 6 1
11 D 825 55 1
11 D 825 5 1
12 L 4 46 1
12 D 829 46 1
13 L 2 55 1
13 L 2 14 1
13 L 9 41 1
13 L 8 30 1
13 L 0 44 1
13 D 833 55 1
13 D 833 41 1
13 D 833 44 1
14 L 7 3 1
14 L 8 8 1
14 L 2 3 1
14 L 5 6 1
14 D 837 3 1
14 D 837 3 1
15 L 2 21 1
15 L 5 48 1
15 D 840 21 1
16 L 4 1 1
16 L 9 2 1
16 D 842 1 1
17 L 8 60 1
17 L 3 4 1
17 L 5 6 1
17 L 7 4 1
17 D 844 60 1
17 D 844 6 1
18 L 7 73 1
18 L 0 2 1
18 L 2 1 1
18 L 1 4 1
18 L 4 9 1
18 L 3 1 1
18 D 846 73 1
18 D 846 1 1
18 D 846 9 1
19 L 9 6 1
19 L 6 6 1
19 L 3 3 1
19 L 5 1 1
19 D 848 6 1
19 D 848 3 1
20 L 9 11 1
20 L 3 1 1
20 L 5 4 1
20 L 6 2 1
20 L 7 3 1
20 D 850 11 1
20 D 850 4 1
20 D 850 3 1
21 L 6 1 1
21 L 9 10 1
21 L 5 3 1
21 L 0 6 1
21 L 1 10 1
21 D 852 1 1
21 D 852 3 1
21 D 852 10 1
22 L 0 1 1
22 L 7 2 1
22 L 2 2 1
22 L 6 1 1
22 D 854 1 1
22 D 854 2 1
23 L 0 1 1
23 L 4 2 1
23 L 6 1 1
23 L 7 8 1
23 L 2 5 1
23 D 856 1 1
23 D 856 1 1
23 D 856 5 1
24 L 3 4 1
24 L 4 2 1
24 L 9 1 1
24 L 6 7 1
24 D 858 4 1
24 D 858 1 1
25 L 2 39 1
25 L 5 2 1
25 L 7 3 1
25 L 2 1 1
25 D 860 39 1
25 D 860 3 1
26 L 5 30 1
26 L 2 38 1
26 L 0 32 1
26 D 862 30 1
26 D 862 32 1
27 L 5 32 1
27 L 3 1 1
27 L 7 5 1
27 D 864 32 1
27 D 864 5 1
28 L 5 72 1
28 L 3 1 1
28 D 866 72 1
29 L 9 6 1
29 L 4 6 1
29 L 3 3 1
29 L 5 5 1
29 D 868 6 1
29 D 868 3 1
0 L 9 1 1
0 L 4 5 1
0 D 721 1 1
1 L 7 1 1
1 L 8 1 1
1 L 5 7 1
1 L 6 1 1
1 L 1 3 1
1 L 7 5 1
1 L 2 5 1
1 L 8 3 1
1 D 767 1 1
1 D 767 7 1
1 D 767 3 1
1 D 767 5 1
2 L 7 1 1
2 L 0 1 1
2 D 789 1 1
3 L 0 37 1
3 L 4 6 1
3 L 9 3 1
3 D 805 37 1
3 D 805 3 1
4 L 9 78 1
4 L 8 31 1
4 D 815 78 1
5 L 5 54 1
5 L 3 2 1
5 L 5 2 1
5 D 823 54 1
5 D 823 2 1
6 L 2 73 1
6 L 3 1 1
6 L 4 1 1
6 L 2 3 1
6 D 831 73 1
6 D 831 1 1
7 L 0 31 1
7 L 4 3 1
7 L 3 2 1
7 D 839 31 1
7 D 839 2 1
8 L 4 2 1
8 L 3 1 1
8 L 5 1 1
8 L 6 2 1
8 D 843 2 1
8 D 843 1 1
9 L 8 56 1
9 L 9 4 1
9 L 6 1 1
9 L 3 1 1
9 L 1 5 1
9 D 847 56 1
9 D 847 1 1
9 D 847 5 1
10 L 7 49 1
10 L 4 48 1
10 L 6 91 1
10 D 851 49 1
10 D 851 91 1
11 L 7 55 1
11 L 8 29 1
11 D 855 55 1
12 L 6 90 1
12 L 6 2 1
12 L 9 4 1
12 D 859 90 1
12 D 859 4 1
13 L 9 9 1
13 L 5 2 1
13 L 0 5 1
13 L 7 2 1
13 L 2 10 1
13 D 863 9 1
13 D 863 5 1
13 D 863 10 1
14 L 1 52 1
14 L 3 2 1
14 L 7 7 1
14 L 5 3 1
14 D 867 52 1
14 D 867 7 1
15 L 3 3 1
15 L 4 4 1
15 L 7 3 1
15 D 870 3 1
15 D 870 3 1
16 L 0 42 1
16 L 6 1 1
16 L 4 4 1
16 L 9 2 1
16 L 1 6 1
16 D 872 42 1
16 D 872 4 1
16 D 872 6 1
17 L 5 71 1
17 L 0 14 1
17 L 6 32 1
17 D 874 71 1
17 D 874 32 1
18 L 1 60 1
18 L 0 1 1
18 L 2 1 1
18 D 876 60 1
18 D 876 1 1
19 L 3 3 1
19 L 5 1 1
19 D 878 3 1
20 L 3 31 1
20 L 5 6 1
20 L 1 2 1
20 L 6 3 1
20 D 880 31 1
20 D 880 2 1
21 L 8 9 1
21 L 7 5 1
21 L 2 6 1
21 D 882 9 1
21 D 882 6 1
22 L 9 5 1
22 L 4 2 1
22 L 1 1 1
22 L 3 1 1
22 L 6 2 1
22 L 5 1 1
22 L 7 2 1
22 L 2 7 1
22 L 0 43 1
22 L 2 41 1
22 D 884 5 1
22 D 884 1 1
22 D 884 2 1
22 D 884 2 1
22 D 884 43 1
23 L 1 72 1
23 L 3 1 1
23 L 7 5 1
23 L 5 4 1
23 D 886 72 1
23 D 886 5 1
24 L 9 35 1
24 L 3 46 1
24 L 5 32 1
24 D 888 35 1
24 D 888 32 1
25 L 0 5 1
25 L 5 1 1
25 L 3 3 1
25 D 890 5 1
25 D 890 3 1
26 L 2 3 1
26 L 7 6 1
26 D 892 3 1
27 L 3 6 1
27 L 7 2 1
27 L 2 2 1
27 L 8 4 1
27 D 894 6 1
27 D 894 2 1
28 L 6 1 1
28 L 0 1 1
28 L 5 3 1
28 D 896 1 1
28 D 896 3 1
29 L 9 5 1
29 L 3 5 1
29 D 898 5 1
0 L 8 5 1
0 L 7 2 1
0 L 5 1 1
0 L 4 8 1
0 L 9 6 1
0 D 751 5 1
0 D 751 1 1
0 D 751 6 1
1 L 8 64 1
1 L 4 1 1
1 D 797 64 1
2 L 9 54 1
2 L 4 13 1
2 L 7 10 1
2 D 819 54 1
2 D 819 10 1
3 L 1 31 1
3 L 6 2 1
3 L 9 7 1
3 D 835 31 1
3 D 835 7 1
4 L 6 2 1
4 L 3 1 1
4 L 7 3 1
4 L 1 3 1
4 D 845 2 1
4 D 845 3 1
5 L 5 59 1
5 L 5 5 1
5 L 7 7 1
5 D 853 59 1
5 D 853 7 1
6 L 4 6 1
6 L 9 3 1
6 L 3 3 1
6 L 6 7 1
6 L 5 5 1
6 D 861 6 1
6 D 861 3 1
6 D 861 5 1
7 L 3 1 1
7 L 7 6 1
7 L 4 6 1
7 L 2 5 1
7 L 8 8 1
7 L 9 1 1
7 L 0 2 1
7 L 6 8 1
7 D 869 1 1
7 D 869 6 1
7 D 869 8 1
7 D 869 2 1
8 L 0 36 1
8 L 4 45 1
8 L 0 41 1
8 L 7 2 1
8 L 4 1 1
8 D 873 36 1
8 D 873 41 1
8 D 873 1 1
9 L 4 1 1
9 L 1 1 1
9 L 9 53 1
9 L 9 4 1
9 D 877 1 1
9 D 877 53 1
10 L 9 36 1
10 L 2 1 1
10 L 0 2 1
10 D 881 36 1
10 D 881 2 1
11 L 3 45 1
11 L 4 21 1
11 L 6 6 1
11 L 4 4 1
11 L 9 5 1
11 L 5 5 1
11 L 3 5 1
11 D 885 45 1
11 D 885 6 1
11 D 885 5 1
11 D 885 5 1
12 L 3 3 1
12 L 4 1 1
12 L 7 2 1
12 L 2 1 1
12 L 9 5 1
12 L 8 3 1
12 D 889 3 1
12 D 889 2 1
12 D 889 5 1
13 L 6 82 1
13 L 5 4 1
13 L 7 4 1
13 D 893 82 1
13 D 893 4 1
14 L 6 2 1
14 L 4 1 1
14 L 9 3 1
14 L 1 4 1
14 D 897 2 1
14 D 897 3 1
15 L 5 46 1
15 L 8 63 1
15 D 900 46 1
16 L 4 2 1
16 L 6 4 1
16 L 3 1 1
16 L 5 3 1
16 D 902 2 1
16 D 902 1 1
17 L 2 38 1
17 L 3 2 1
17 L 6 1 1
17 L 1 1 1
17 L 2 1 1
17 L 8 1 1
17 D 904 38 1
17 D 904 1 1
17 D 904 1 1
18 L 4 3 1
18 L 3 3 1
18 D 906 3 1
19 L 1 2 1
19 L 9 4 1
19 D 908 2 1
20 L 6 4 1
20 L 5 1 1
20 L 9 2 1
20 L 7 72 1
20 L 2 17 1
20 L 3 69 1
20 D 910 4 1
20 D 910 2 1
20 D 910 17 1
21 L 2 13 1
21 L 3 2 1
21 L 0 9 1
21 D 912 13 1
21 D 912 9 1
22 L 6 40 1
22 L 0 20 1
22 L 9 4 1
22 L 4 3 1
22 L 3 4 1
22 D 914 40 1
22 D 914 4 1
22 D 914 4 1
23 L 5 3 1
23 L 7 3 1
23 L 8 3 1
23 L 1 5 1
23 D 916 3 1
23 D 916 3 1
24 L 9 22 1
24 L 1 12 1
24 L 9 2 1
24 L 4 2 1
24 D 918 22 1
24 D 918 2 1
25 L 9 2 1
25 L 4 1 1
25 L 1 6 1
25 L 6 2 1
25 L 3 3 1
25 L 0 2 1
25 D 920 2 1
25 D 920 6 1
25 D 920 3 1
26 L 0 42 1
26 L 2 4 1
26 L 7 7 1
26 L 4 1 1
26 L 8 5 1
26 D 922 42 1
26 D 922 7 1
26 D 922 5 1
27 L 5 3 1
27 L 3 3 1
27 L 0 3 1
27 D 924 3 1
27 D 924 3 1
28 L 6 56 1
28 L 3 44 1
28 L 0 3 1
28 L 5 1 1
28 L 2 1 1
28 L 8 4 1
28 L 6 4 1
28 D 926 56 1
28 D 926 3 1
28 D 926 1 1
28 D 926 4 1
29 L 5 2 1
29 L 7 2 1
29 L 8 2 1
29 L 1 4 1
29 D 928 2 1
29 D 928 2 1
0 L 6 2 1
0 L 4 3 1
0 L 0 2 1
0 D 781 2 1
0 D 781 2 1
1 L 4 2 1
1 L 9 2 1
1 L 3 5 1
1 L 6 5 1
1 L 5 3 1
1 D 827 2 1
1 D 827 5 1
1 D 827 3 1
2 L 6 89 1
2 L 4 2 1
2 L 9 10 1
2 D 849 89 1
2 D 849 10 1
3 L 4 23 1
3 L 2 9 1
3 D 865 23 1
4 L 7 48 1
4 L 4 21 1
4 L 4 4 1
4 L 6 3 1
4 L 9 5 1
4 L 3 2 1
4 D 875 48 1
4 D 875 4 1
4 D 875 5 1
5 L 7 1 1
5 L 8 4 1
5 L 4 7 1
5 L 9 5 1
5 L 1 8 1
5 D 883 1 1
5 D 883 7 1
5 D 883 8 1
6 L 9 6 1
6 L 1 8 1
6 L 5 1 1
6 L 0 2 1
6 L 2 4 1
6 D 891 6 1
6 D 891 1 1
6 D 891 4 1
7 L 3 5 1
7 L 5 1 1
7 L 7 2 1
7 D 899 5 1
7 D 899 2 1
8 L 5 2 1
8 L 3 4 1
8 L 0 5 1
8 L 7 1 1
8 L 4 2 1
8 D 903 2 1
8 D 903 5 1
8 D 903 2 1
9 L 0 2 1
9 L 8 4 1
9 L 6 6 1
9 L 4 5 1
9 D 907 2 1
9 D 907 6 1
10 L 3 2 1
10 L 7 5 1
10 L 0 2 1
10 L 2 2 1
10 D 911 2 1
10 D 911 2 1
11 L 1 13 1
11 L 4 1 1
11 L 3 2 1
11 L 0 1 1
11 L 6 2 1
11 L 9 1 1
11 L 2 1 1
11 L 1 3 1
11 D 915 13 1
11 D 915 2 1
11 D 915 2 1
11 D 915 1 1
12 L 3 1 1
12 L 7 1 1
12 D 919 1 1
13 L 5 47 1
13 L 4 1 1
13 L 3 4 1
13 L 5 4 1
13 D 923 47 1
13 D 923 4 1
14 L 0 51 1
14 L 2 28 1
14 L 6 1 1
14 L 1 2 1
14 L 3 1 1
14 L 7 54 1
14 L 0 50 1
14 D 927 51 1
14 D 927 1 1
14 D 927 1 1
14 D 927 50 1
15 L 0 1 1
15 L 8 3 1
15 L 4 4 1
15 L 2 1 1
15 L 9 5 1
15 L 6 2 1
15 L 8 1 1
15 L 1 1 1
15 L 3 2 1
15 L 5 1 1
15 L 2 1 1
15 D 930 1 1
15 D 930 4 1
15 D 930 5 1
15 D 930 1 1
15 D 930 2 1
15 D 930 1 1
16 L 1 1 1
16 L 5 5 1
16 L 6 35 1
16 L 9 23 1
16 L 9 40 1
16 D 932 1 1
16 D 932 35 1
16 D 932 40 1
17 L 4 4 1
17 L 5 6 1
17 D 934 4 1
18 L 5 42 1
18 L 7 4 1
18 L 2 1 1
18 L 4 1 1
18 L 8 2 1
18 D 936 42 1
18 D 936 1 1
18 D 936 2 1
19 L 4 2 1
19 L 5 2 1
19 L 0 1 1
19 D 938 2 1
19 D 938 1 1
20 L 4 1 1
20 L 6 8 1
20 L 3 2 1
20 L 5 1 1
20 L 0 5 1
20 L 9 4 1
20 L 7 8 1
20 L 1 7 1
20 D 940 1 1
20 D 940 2 1
20 D 940 5 1
20 D 940 8 1
21 L 9 2 1
21 L 3 4 1
21 L 6 6 1
21 D 942 2 1
21 D 942 6 1
22 L 4 2 1
22 L 9 4 1
22 L 3 1 1
22 L 5 2 1
22 L 6 3 1
22 L 7 6 1
22 D 944 2 1
22 D 944 1 1
22 D 944 3 1
23 L 6 3 1
23 L 4 3 1
23 L 9 1 1
23 D 946 3 1
23 D 946 1 1
24 L 4 44 1
24 L 2 40 1
24 L 4 3 1
24 L 9 4 1
24 L 6 1 1
24 L 4 4 1
24 D 948 44 1
24 D 948 3 1
24 D 948 1 1
25 L 6 31 1
25 L 4 16 1
25 D 950 31 1
26 L 0 40 1
26 L 5 5 1
26 L 3 5 1
26 D 952 40 1
26 D 952 5 1
27 L 6 88 1
27 L 0 1 1
27 L 4 5 1
27 L 6 7 1
27 D 954 88 1
27 D 954 5 1
28 L 4 20 1
28 L 6 1 1
28 L 2 3 1
28 L 1 6 1
28 L 3 59 1
28 D 956 20 1
28 D 956 3 1
28 D 956 59 1
29 L 4 2 1
29 L 9 1 1
29 D 958 2 1
0 L 5 29 1
0 L 3 5 1
0 L 5 2 1
0 D 811 29 1
0 D 811 2 1
1 L 1 51 1
1 L 9 16 1
1 L 4 3 1
1 D 857 51 1
1 D 857 3 1
2 L 5 58 1
2 L 4 5 1
2 L 3 1 1
2 L 5 2 1
2 L 6 1 1
2 D 879 58 1
2 D 879 1 1
2 D 879 1 1
3 L 4 50 1
3 L 0 8 1
3 L 5 8 1
3 L 3 6 1
3 D 895 50 1
3 D 895 8 1
4 L 4 5 1
4 L 6 5 1
4 L 3 1 1
4 L 1 5 1
4 L 5 1 1
4 L 0 2 1
4 L 2 2 1
4 L 8 4 1
4 L 5 57 1
4 L 9 7 1
4 D 905 5 1
4 D 905 1 1
4 D 905 1 1
4 D 905 2 1
4 D 905 57 1
5 L 3 4 1
5 L 5 2 1
5 L 7 4 1
5 L 2 4 1
5 L 4 1 1
5 D 913 4 1
5 D 913 4 1
5 D 913 1 1
6 L 5 46 1
6 L 3 1 1
6 L 0 4 1
6 L 7 7 1
6 L 9 3 1
6 L 6 7 1
6 L 8 1 1
6 L 1 6 1
6 L 9 29 1
6 D 921 46 1
6 D 921 4 1
6 D 921 3 1
6 D 921 1 1
6 D 921 29 1
7 L 7 71 1
7 L 7 3 1
7 L 8 10 1
7 D 929 71 1
7 D 929 10 1
8 L 8 59 1
8 L 9 21 1
8 L 5 45 1
8 L 7 48 1
8 D 933 59 1
8 D 933 45 1
9 L 9 7 1
9 L 4 6 1
9 L 6 11 1
9 D 937 7 1
9 D 937 11 1
10 L 2 8 1
10 L 7 3 1
10 L 5 4 1
10 L 3 3 1
10 L 0 5 1
10 L 8 15 1
10 L 4 2 1
10 D 941 8 1
10 D 941 4 1
10 D 941 5 1
10 D 941 2 1
11 L 9 3 1
11 L 4 1 1
11 L 3 2 1
11 L 5 3 1
11 L 6 5 1
11 L 1 10 1
11 L 7 2 1
11 D 945 3 1
11 D 945 2 1
11 D 945 5 1
11 D 945 2 1
12 L 4 5 1
12 L 5 3 1
12 L 7 1 1
12 D 949 5 1
12 D 949 1 1
13 L 6 2 1
13 L 3 3 1
13 L 0 2 1
13 L 9 4 1
13 D 953 2 1
13 D 953 2 1
14 L 4 3 1
14 L 9 7 1
14 D 957 3 1
15 L 3 2 1
15 L 7 1 1
15 L 5 2 1
15 L 2 3 1
15 L 4 2 1
15 L 8 7 1
15 D 960 2 1
15 D 960 2 1
15 D 960 2 1
16 L 7 50 1
16 L 3 36 1
16 L 9 77 1
16 D 962 50 1
16 D 962 77 1
17 L 6 81 1
17 L 9 5 1
17 D 964 81 1
18 L 4 5 1
18 L 9 7 1
18 L 6 8 1
18 D 966 5 1
18 D 966 8 1
19 L 6 42 1
19 L 7 1 1
19 L 2 1 1
19 L 8 1 1
19 D 968 42 1
19 D 968 1 1
20 L 4 35 1
20 L 4 3 1
20 D 970 35 1
21 L 3 67 1
21 L 5 2 1
21 L 7 5 1
21 D 972 67 1
21 D 972 5 1
22 L 4 2 1
22 L 5 3 1
22 D 974 2 1
23 L 4 4 1
23 L 9 6 1
23 L 3 4 1
23 D 976 4 1
23 D 976 4 1
24 L 1 50 1
24 L 6 87 1
24 L 3 68 1
24 D 978 50 1
24 D 978 68 1
25 L 6 5 1
25 L 9 6 1
25 L 3 3 1
25 L 5 3 1
25 D 980 5 1
25 D 980 3 1
26 L 2 3 1
26 L 7 6 1
26 L 8 4 1
26 L 9 3 1
26 L 1 3 1
26 D 982 3 1
26 D 982 4 1
26 D 982 3 1
27 L 4 11 1
27 L 9 5 1
27 D 984 11 1
28 L 5 1 1
28 L 0 4 1
28 L 7 5 1
28 L 2 3 1
28 L 4 1 1
28 L 8 5 1
28 D 986 1 1
28 D 986 5 1
28 D 986 1 1
29 L 6 25 1
29 L 5 1 1
29 L 7 2 1
29 L 4 3 1
29 L 8 3 1
29 L 9 1 1
29 L 6 5 1
29 D 988 25 1
29 D 988 2 1
29 D 988 3 1
29 D 988 5 1
0 L 4 3 1
0 L 5 5 1
0 D 841 3 1
1 L 5 31 1
1 L 3 31 1
1 D 887 31 1
2 L 4 5 1
2 L 9 5 1
2 L 6 7 1
2 D 909 5 1
2 D 909 7 1
3 L 3 5 1
3 L 7 2 1
3 L 0 3 1
3 L 3 2 1
3 L 5 1 1
3 L 7 5 1
3 D 925 5 1
3 D 925 3 1
3 D 925 1 1
4 L 3 1 1
4 L 9 1 1
4 L 0 1 1
4 L 6 4 1
4 L 8 4 1
4 L 1 5 1
4 L 0 35 1
4 D 935 1 1
4 D 935 1 1
4 D 935 4 1
4 D 935 35 1
5 L 3 3 1
5 L 5 4 1
5 D 943 3 1
6 L 6 5 1
6 L 3 2 1
6 L 9 1 1
6 L 2 3 1
6 L 1 7 1
6 L 8 3 1
6 D 951 5 1
6 D 951 1 1
6 D 951 7 1
7 L 6 80 1
7 L 0 2 1
7 L 6 3 1
7 L 9 1 1
7 L 8 3 1
7 D 959 80 1
7 D 959 3 1
7 D 959 3 1
8 L 4 3 1
8 L 6 1 1
8 L 5 1 1
8 L 1 3 1
8 L 8 58 1
8 D 963 3 1
8 D 963 1 1
8 D 963 58 1
9 L 4 26 1
9 L 0 50 1
9 L 7 1 1
9 L 5 1 1
9 D 967 26 1
9 D 967 1 1
10 L 8 28 1
10 L 7 2 1
10 L 2 2 1
10 L 8 3 1
10 L 0 1 1
10 L 9 3 1
10 L 1 4 1
10 L 7 1 1
10 D 971 28 1
10 D 971 2 1
10 D 971 1 1
10 D 971 4 1
11 L 6 3 1
11 L 4 1 1
11 L 0 5 1
11 L 5 2 1
11 D 975 3 1
11 D 975 5 1
12 L 3 5 1
12 L 7 4 1
12 D 979 5 1
13 L 3 3 1
13 L 5 7 1
13 D 983 3 1
14 L 7 2 1
14 L 3 3 1
14 L 8 3 1
14 D 987 2 1
14 D 987 3 1
15 L 4 1 1
15 L 3 4 1
15 L 9 1 1
15 L 6 5 1
15 L 0 3 1
15 D 990 1 1
15 D 990 1 1
15 D 990 3 1
16 L 3 2 1
16 L 5 3 1
16 L 4 2 1
16 D 992 2 1
16 D 992 2 1
17 L 4 34 1
17 L 3 2 1
17 L 4 5 1
17 L 7 7 1
17 D 994 34 1
17 D 994 5 1
18 L 7 47 1
18 L 3 2 1
18 L 5 6 1
18 D 996 47 1
18 D 996 6 1
19 L 9 34 1
19 L 4 2 1
19 L 3 3 1
19 L 5 2 1
19 D 998 34 1
19 D 998 3 1
20 L 8 45 1
20 L 4 39 1
20 L 7 1 1
20 L 3 4 1
20 L 2 6 1
20 D 1000 45 1
20 D 1000 1 1
20 D 1000 6 1
21 L 5 16 1
21 L 2 9 1
21 L 6 39 1
21 L 9 2 1
21 L 4 1 1
21 D 1002 16 1
21 D 1002 39 1
21 D 1002 1 1
22 L 3 66 1
22 L 6 55 1
22 L 5 1 1
22 L 0 4 1
22 D 1004 66 1
22 D 1004 1 1
23 L 3 1 1
23 L 5 4 1
23 L 7 6 1
23 L 0 6 1
23 D 1006 1 1
23 D 1006 6 1
24 L 5 31 1
24 L 4 1 1
24 L 3 3 1
24 L 6 9 1
24 L 5 1 1
24 D 1008 31 1
24 D 1008 3 1
24 D 1008 1 1
25 L 4 19 1
25 L 5 1 1
25 L 7 1 1
25 L 0 4 1
25 D 1010 19 1
25 D 1010 1 1
26 L 3 4 1
26 L 7 2 1
26 L 5 4 1
26 D 1012 4 1
26 D 1012 4 1
27 L 2 8 1
27 L 0 2 1
27 L 5 2 1
27 L 4 1 1
27 D 1014 8 1
27 D 1014 2 1
28 L 4 43 1
28 L 4 1 1
28 L 7 2 1
28 L 1 2 1
28 L 6 2 1
28 D 1016 43 1
28 D 1016 2 1
28 D 1016 2 1
29 L 3 54 1
29 L 0 19 1
29 L 5 4 1
29 L 3 2 1
29 D 1018 54 1
29 D 1018 4 1
0 L 8 44 1
0 L 4 4 1
0 L 6 6 1
0 L 7 5 1
0 L 2 4 1
0 L 1 6 1
0 L 8 7 1
0 D 871 44 1
0 D 871 6 1
0 D 871 4 1
0 D 871 7 1
1 L 7 37 1
1 L 1 42 1
1 L 9 6 1
1 L 4 2 1
1 D 917 37 1
1 D 917 6 1
2 L 6 2 1
2 L 4 2 1
2 L 9 1 1
2 L 1 4 1
2 L 5 1 1
2 L 0 4 1
2 D 939 2 1
2 D 939 1 1
2 D 939 1 1
3 L 3 68 1
3 L 6 4 1
3 L 4 5 1
3 D 955 68 1
3 D 955 5 1
4 L 1 71 1
4 L 4 18 1
4 L 9 35 1
4 L 5 5 1
4 D 965 71 1
4 D 965 35 1
5 L 7 2 1
5 L 5 4 1
5 D 973 2 1
6 L 7 47 1
6 L 7 4 1
6 L 2 9 1
6 L 5 6 1
6 L 3 2 1
6 D 981 47 1
6 D 981 9 1
6 D 981 2 1
7 L 4 6 1
7 L 1 4 1
7 L 3 3 1
7 L 0 3 1
7 L 2 5 1
7 D 989 6 1
7 D 989 3 1
7 D 989 5 1
8 L 3 1 1
8 L 5 2 1
8 L 0 4 1
8 L 7 1 1
8 L 6 4 1
8 L 9 2 1
8 L 2 7 1
8 D 993 1 1
8 D 993 4 1
8 D 993 4 1
8 D 993 7 1
9 L 3 38 1
9 L 7 4 1
9 L 2 4 1
9 L 9 1 1
9 L 8 2 1
9 D 997 38 1
9 D 997 4 1
9 D 997 2 1
10 L 9 16 1
10 L 9 34 1
10 D 1001 16 1
11 L 3 2 1
11 L 7 1 1
11 L 4 4 1
11 D 1005 2 1
11 D 1005 4 1
12 L 9 15 1
12 L 9 2 1
12 L 7 6 1
12 L 0 3 1
12 L 6 6 1
12 L 1 5 1
12 L 7 1 1
12 L 0 2 1
12 D 1009 15 1
12 D 1009 6 1
12 D 1009 6 1
12 D 1009 1 1
13 L 1 59 1
13 L 2 1 1
13 L 7 3 1
13 L 5 4 1
13 L 8 6 1
13 D 1013 59 1
13 D 1013 3 1
13 D 1013 6 1
14 L 8 43 1
14 L 2 4 1
14 L 0 4 1
14 D 1017 43 1
14 D 1017 4 1
15 L 9 4 1
15 L 4 3 1
15 D 1020 4 1
16 L 6 66 1
16 D 1022 66 1
17 L 3 3 1
17 L 5 9 1
17 D 1024 3 1
18 L 3 67 1
18 L 3 4 1
18 L 7 1 1
18 L 0 1 1
18 D 1026 67 1
18 D 1026 1 1
19 L 9 15 1
19 L 3 67 1
19 L 6 24 1
19 L 1 46 1
19 D 1028 15 1
19 D 1028 24 1
20 L 8 27 1
20 L 4 12 1
20 L 8 74 1
20 D 1030 27 1
20 D 1030 74 1
21 L 7 53 1
21 L 1 67 1
21 L 6 5 1
21 L 9 1 1
21 L 1 3 1
21 D 1032 53 1
21 D 1032 5 1
21 D 1032 3 1
22 L 5 3 1
22 L 0 5 1
22 L 4 4 1
22 L 6 5 1
22 D 1034 3 1
22 D 1034 4 1
23 L 3 53 1
23 L 3 6 1
23 L 5 1 1
23 D 1036 53 1
23 D 1036 1 1
24 L 3 3 1
24 L 7 1 1
24 L 5 4 1
24 D 1038 3 1
24 D 1038 4 1
25 L 8 73 1
25 L 8 46 1
25 L 1 45 1
25 L 3 3 1
25 D 1040 73 1
25 D 1040 45 1
26 L 7 52 1
26 L 1 35 1
26 L 6 65 1
26 L 2 72 1
26 L 9 6 1
26 D 1042 52 1
26 D 1042 65 1
26 D 1042 6 1
27 L 1 70 1
27 L 5 30 1
27 L 6 64 1
27 D 1044 70 1
27 D 1044 64 1
28 L 3 1 1
28 L 5 1 1
28 L 6 2 1
28 L 0 1 1
28 D 1046 1 1
28 D 1046 2 1
29 L 4 47 1
29 L 5 4 1
29 L 0 7 1
29 D 1048 47 1
29 D 1048 7 1
0 L 0 36 1
0 L 6 6 1
0 L 5 44 1
0 L 4 4 1
0 D 901 36 1
0 D 901 44 1
1 L 6 4 1
1 L 1 5 1
1 D 947 4 1
2 L 9 52 1
2 L 7 1 1
2 L 2 1 1
2 L 8 2 1
2 L 9 2 1
2 L 1 3 1
2 D 969 52 1
2 D 969 1 1
2 D 969 2 1
3 L 4 22 1
3 L 0 42 1
3 L 0 57 1
3 D 985 22 1
3 D 985 57 1
4 L 9 7 1
4 L 4 5 1
4 L 5 4 1
4 L 7 2 1
4 D 995 7 1
4 D 995 4 1
5 L 0 35 1
5 L 7 54 1
5 L 4 3 1
5 L 7 4 1
5 D 1003 35 1
5 D 1003 3 1
6 L 5 12 1
6 L 7 2 1
6 L 6 2 1
6 L 1 1 1
6 L 8 31 1
6 L 5 30 1
6 D 1011 12 1
6 D 1011 2 1
6 D 1011 31 1
7 L 7 1 1
7 L 6 1 1
7 L 1 13 1
7 L 5 1 1
7 L 8 14 1
7 L 2 6 1
7 L 0 3 1
7 L 9 1 1
7 D 1019 1 1
7 D 1019 13 1
7 D 1019 14 1
7 D 1019 3 1
8 L 2 56 1
8 L 0 2 1
8 L 3 4 1
8 L 0 1 1
8 L 7 3 1
8 D 1023 56 1
8 D 1023 4 1
8 D 1023 3 1
9 L 3 1 1
9 L 6 6 1
9 L 8 2 1
9 L 9 5 1
9 L 1 1 1
9 L 0 4 1
9 L 5 1 1
9 D 1027 1 1
9 D 1027 2 1
9 D 1027 1 1
9 D 1027 1 1
10 L 4 33 1
10 L 3 66 1
10 L 6 54 1
10 L 8 72 1
10 D 1031 33 1
10 D 1031 54 1
11 L 2 8 1
11 L 9 6 1
11 L 1 4 1
11 D 1035 8 1
11 D 1035 4 1
12 L 0 27 1
12 L 4 2 1
12 L 3 4 1
12 D 1039 27 1
12 D 1039 4 1
13 L 0 56 1
13 L 0 41 1
13 L 3 1 1
13 D 1043 56 1
13 D 1043 1 1
14 L 6 4 1
14 L 1 11 1
14 L 3 2 1
14 L 0 2 1
14 L 7 1 1
14 D 1047 4 1
14 D 1047 2 1
14 D 1047 1 1
15 L 1 2 1
15 L 6 5 1
15 L 3 2 1
15 D 1050 2 1
15 D 1050 2 1
16 L 3 1 1
16 L 5 4 1
16 L 7 3 1
16 L 4 3 1
16 L 0 2 1
16 L 2 4 1
16 L 9 4 1
16 L 8 2 1
16 D 1052 1 1
16 D 1052 3 1
16 D 1052 2 1
16 D 1052 4 1
17 L 4 46 1
17 L 0 52 1
17 L 7 32 1
17 D 1054 46 1
17 D 1054 32 1
18 L 0 3 1
18 L 6 2 1
18 L 2 6 1
18 L 8 4 1
18 D 1056 3 1
18 D 1056 6 1
19 L 7 1 1
19 L 3 2 1
19 L 2 3 1
19 L 0 2 1
19 D 1058 1 1
19 D 1058 3 1
20 L 9 76 1
20 L 6 63 1
20 L 3 2 1
20 D 1060 76 1
20 D 1060 2 1
21 L 4 5 1
21 L 3 2 1
21 L 9 2 1
21 L 5 4 1
21 L 7 3 1
21 D 1062 5 1
21 D 1062 2 1
21 D 1062 3 1
22 L 3 2 1
22 L 4 1 1
22 L 5 3 1
22 L 0 2 1
22 L 7 3 1
22 D 1064 2 1
22 D 1064 3 1
22 D 1064 3 1
23 L 7 44 1
23 L 4 1 1
23 L 3 3 1
23 D 1066 44 1
23 D 1066 3 1
24 L 9 2 1
24 L 4 2 1
24 D 1068 2 1
25 L 7 43 1
25 L 9 5 1
25 L 3 3 1
25 D 1070 43 1
25 D 1070 3 1
26 L 0 3 1
26 L 6 1 1
26 L 7 1 1
26 L 2 5 1
26 L 1 1 1
26 D 1072 3 1
26 D 1072 1 1
26 D 1072 1 1
27 L 1 1 1
27 L 4 2 1
27 L 9 2 1
27 D 1074 1 1
27 D 1074 2 1
28 L 8 36 1
28 L 6 3 1
28 L 1 4 1
28 L 8 3 1
28 L 3 2 1
28 L 5 2 1
28 D 1076 36 1
28 D 1076 4 1
28 D 1076 2 1
29 L 9 14 1
29 L 5 45 1
29 L 3 66 1
29 L 0 6 1
29 D 1078 14 1
29 D 1078 66 1
0 L 0 2 1
0 L 7 5 1
0 L 6 5 1
0 L 9 1 1
0 L 1 4 1
0 L 5 15 1
0 L 6 58 1
0 D 931 2 1
0 D 931 5 1
0 D 931 4 1
0 D 931 58 1
1 L 3 39 1
1 L 9 40 1
1 L 3 2 1
1 L 0 1 1
1 L 7 1 1
1 L 2 5 1
1 D 977 39 1
1 D 977 2 1
1 D 977 1 1
2 L 3 65 1
2 L 8 2 1
2 L 6 2 1
2 L 1 3 1
2 L 8 62 1
2 D 999 65 1
2 D 999 2 1
2 D 999 62 1
3 L 8 27 1
3 L 9 4 1
3 L 1 3 1
3 D 1015 27 1
3 D 1015 3 1
4 L 6 9 1
4 L 4 6 1
4 L 0 3 1
4 D 1025 9 1
4 D 1025 3 1
5 L 4 3 1
5 L 9 3 1
5 D 1033 3 1
6 L 4 32 1
6 L 4 3 1
6 L 3 1 1
6 L 9 4 1
6 D 1041 32 1
6 D 1041 1 1
7 L 4 6 1
7 L 9 7 1
7 D 1049 6 1
8 L 6 2 1
8 L 0 4 1
8 L 2 2 1
8 L 6 4 1
8 D 1053 2 1
8 D 1053 2 1
9 L 0 5 1
9 L 5 5 1
9 L 7 4 1
9 L 2 3 1
9 L 6 3 1
9 D 1057 5 1
9 D 1057 4 1
9 D 1057 3 1
10 L 6 5 1
10 L 4 1 1
10 L 9 3 1
10 D 1061 5 1
10 D 1061 3 1
11 L 9 75 1
11 L 0 51 1
11 L 6 1 1
11 L 4 1 1
11 L 7 1 1
11 L 2 6 1
11 L 9 4 1
11 L 3 58 1
11 D 1065 75 1
11 D 1065 1 1
11 D 1065 1 1
11 D 1065 4 1
12 L 6 86 1
12 L 4 42 1
12 L 3 4 1
12 D 1069 86 1
12 D 1069 4 1
13 L 1 58 1
13 L 8 61 1
13 L 0 26 1
13 L 2 2 1
13 D 1073 58 1
13 D 1073 26 1
14 L 4 4 1
14 L 9 3 1
14 L 3 2 1
14 D 1077 4 1
14 D 1077 2 1
15 L 9 5 1
15 L 4 4 1
15 L 3 7 1
15 D 1080 5 1
15 D 1080 7 1
16 L 7 47 1
16 L 6 79 1
16 D 1082 47 1
17 L 6 45 1
17 L 3 38 1
17 L 0 3 1
17 L 7 4 1
17 L 2 2 1
17 L 6 2 1
17 D 1084 45 1
17 D 1084 3 1
17 D 1084 2 1
18 L 7 2 1
18 L 2 3 1
18 L 8 4 1
18 D 1086 2 1
18 D 1086 4 1
19 L 6 85 1
19 D 1088 85 1
20 L 3 65 1
20 L 8 60 1
20 L 9 20 1
20 L 3 37 1
20 L 6 14 1
20 D 1090 65 1
20 D 1090 20 1
20 D 1090 14 1
21 L 9 33 1
21 L 8 71 1
21 D 1092 33 1
22 L 9 44 1
22 L 0 1 1
22 L 2 1 1
22 L 8 3 1
22 L 4 4 1
22 L 6 4 1
22 L 1 4 1
22 L 0 6 1
22 D 1094 44 1
22 D 1094 1 1
22 D 1094 4 1
22 D 1094 4 1
23 L 9 38 1
23 L 6 2 1
23 L 0 1 1
23 D 1096 38 1
23 D 1096 1 1
24 L 9 51 1
24 L 9 3 1
24 L 2 3 1
24 D 1098 51 1
24 D 1098 3 1
25 L 8 1 1
25 L 6 1 1
25 L 1 2 1
25 L 4 3 1
25 L 2 1 1
25 L 0 2 1
25 D 1100 1 1
25 D 1100 2 1
25 D 1100 1 1
26 L 7 53 1
26 L 6 84 1
26 L 3 65 1
26 D 1102 53 1
26 D 1102 65 1
27 L 9 32 1
27 L 7 42 1
27 L 7 19 1
27 D 1104 32 1
27 D 1104 19 1
28 L 9 3 1
28 L 1 3 1
28 L 3 3 1
28 D 1106 3 1
28 D 1106 3 1
29 L 5 65 1
29 L 0 11 1
29 L 0 1 1
29 L 2 3 1
29 L 9 5 1
29 L 1 7 1
29 D 1108 65 1
29 D 1108 1 1
29 D 1108 5 1
0 L 5 4 1
0 L 3 1 1
0 L 7 2 1
0 D 961 4 1
0 D 961 2 1
1 L 9 13 1
1 L 3 36 1
1 D 1007 13 1
2 L 7 3 1
2 L 8 2 1
2 L 9 1 1
2 L 1 1 1
2 D 1029 3 1
2 D 1029 1 1
3 L 0 39 1
3 L 4 1 1
3 L 9 2 1
3 D 1045 39 1
3 D 1045 2 1
4 L 2 71 1
4 L 2 1 1
4 L 7 2 1
4 L 8 1 1
4 L 5 2 1
4 D 1055 71 1
4 D 1055 2 1
4 D 1055 2 1
5 L 8 45 1
5 L 9 1 1
5 L 3 3 1
5 D 1063 45 1
5 D 1063 3 1
6 L 4 6 1
6 L 9 6 1
6 L 3 3 1
6 D 1071 6 1
6 D 1071 3 1
7 L 9 1 1
7 L 5 1 1
7 L 6 3 1
7 D 1079 1 1
7 D 1079 3 1
8 L 0 3 1
8 L 5 2 1
8 D 1083 3 1
9 L 9 2 1
9 L 3 2 1
9 L 5 2 1
9 D 1087 2 1
9 D 1087 2 1
10 L 7 46 1
10 L 5 15 1
10 L 1 66 1
10 L 6 5 1
10 D 1091 46 1
10 D 1091 66 1
11 L 7 36 1
11 L 0 55 1
11 L 9 50 1
11 D 1095 36 1
11 D 1095 50 1
12 L 9 5 1
12 L 4 5 1
12 L 1 7 1
12 D 1099 5 1
12 D 1099 7 1
13 L 4 4 1
13 L 5 2 1
13 L 9 6 1
13 D 1103 4 1
13 D 1103 6 1
14 L 6 2 1
14 L 9 5 1
14 D 1107 2 1
15 L 0 2 1
15 L 3 3 1
15 L 4 5 1
15 D 1110 2 1
15 D 1110 5 1
16 L 5 3 1
16 L 7 2 1
16 L 8 1 1
16 L 2 3 1
16 L 7 3 1
16 D 1112 3 1
16 D 1112 1 1
16 D 1112 3 1
17 L 9 74 1
17 L 4 3 1
17 L 6 3 1
17 L 8 2 1
17 L 1 3 1
17 L 3 30 1
17 D 1114 74 1
17 D 1114 3 1
17 D 1114 3 1
18 L 9 33 1
18 L 2 37 1
18 D 1116 33 1
19 L 7 46 1
19 L 4 1 1
19 L 6 3 1
19 D 1118 46 1
19 D 1118 3 1
20 L 3 1 1
20 L 5 1 1
20 L 9 1 1
20 L 7 4 1
20 L 6 1 1
20 L 3 30 1
20 L 5 70 1
20 D 1120 1 1
20 D 1120 1 1
20 D 1120 1 1
20 D 1120 70 1
21 L 6 7 1
21 L 0 8 1
21 D 1122 7 1
22 L 2 5 1
22 L 0 3 1
22 D 1124 5 1
23 L 3 4 1
23 L 7 9 1
23 L 4 2 1
23 D 1126 4 1
23 D 1126 2 1
24 L 7 3 1
24 L 2 2 1
24 L 0 5 1
24 L 8 3 1
24 D 1128 3 1
24 D 1128 5 1
25 L 6 53 1
25 L 5 56 1
25 L 9 32 1
25 L 4 1 1
25 D 1130 53 1
25 D 1130 32 1
26 L 3 2 1
26 L 5 1 1
26 L 9 1 1
26 L 7 1 1
26 L 0 1 1
26 L 6 2 1
26 L 2 3 1
26 L 8 1 1
26 L 9 14 1
26 L 3 3 1
26 D 1132 2 1
26 D 1132 1 1
26 D 1132 1 1
26 D 1132 3 1
26 D 1132 14 1
27 L 4 3 1
27 L 5 3 1
27 L 9 10 1
27 L 0 1 1
27 L 7 2 1
27 D 1134 3 1
27 D 1134 10 1
27 D 1134 2 1
28 L 3 2 1
28 L 9 1 1
28 D 1136 2 1
29 L 0 9 1
29 L 5 4 1
29 D 1138 9 1
0 L 9 39 1
0 L 7 4 1
0 L 2 7 1
0 D 991 39 1
0 D 991 7 1
1 L 9 37 1
1 L 0 1 1
1 L 3 1 1
1 D 1037 37 1
1 D 1037 1 1
2 L 3 1 1
2 L 5 1 1
2 D 1059 1 1
3 L 5 53 1
3 L 3 5 1
3 L 5 3 1
3 L 4 4 1
3 D 1075 53 1
3 D 1075 3 1
4 L 3 64 1
4 L 6 4 1
4 L 9 1 1
4 D 1085 64 1
4 D 1085 1 1
5 L 9 4 1
5 L 1 6 1
5 L 2 2 1
5 L 4 20 1
5 L 3 57 1
5 D 1093 4 1
5 D 1093 2 1
5 D 1093 57 1
6 L 7 4 1
6 L 0 2 1
6 D 1101 4 1
7 L 9 4 1
7 L 3 1 1
7 D 1109 4 1
8 L 5 29 1
8 L 9 28 1
8 L 5 43 1
8 L 7 2 1
8 L 6 1 1
8 D 1113 29 1
8 D 1113 43 1
8 D 1113 1 1
9 L 2 55 1
9 L 9 43 1
9 L 5 2 1
9 D 1117 55 1
9 D 1117 2 1
10 L 3 2 1
10 L 7 9 1
10 D 1121 2 1
11 L 5 1 1
11 L 7 1 1
11 L 0 1 1
11 L 9 2 1
11 D 1125 1 1
11 D 1125 1 1
12 L 6 4 1
12 L 4 6 1
12 L 9 4 1
12 L 5 3 1
12 L 0 6 1
12 L 1 12 1
12 D 1129 4 1
12 D 1129 4 1
12 D 1129 6 1
13 L 4 25 1
13 L 5 1 1
13 L 7 5 1
13 L 4 3 1
13 L 2 2 1
13 D 1133 25 1
13 D 1133 5 1
13 D 1133 2 1
14 L 0 1 1
14 L 3 2 1
14 L 7 1 1
14 L 8 2 1
14 L 0 6 1
14 D 1137 1 1
14 D 1137 1 1
14 D 1137 6 1
15 L 7 2 1
15 L 2 1 1
15 D 1140 2 1
16 L 1 1 1
16 L 1 57 1
16 L 4 3 1
16 L 9 5 1
16 D 1142 1 1
16 D 1142 3 1
17 L 4 1 1
17 L 3 3 1
17 L 9 6 1
17 D 1144 1 1
17 D 1144 6 1
18 L 7 9 1
18 L 9 38 1
18 L 3 64 1
18 D 1146 9 1
18 D 1146 64 1
19 L 5 2 1
19 L 4 1 1
19 D 1148 2 1
20 L 6 1 1
20 L 4 2 1
20 L 5 4 1
20 D 1150 1 1
20 D 1150 4 1
21 L 7 1 1
21 L 5 1 1
21 L 2 1 1
21 L 0 1 1
21 D 1152 1 1
21 D 1152 1 1
22 L 1 31 1
22 D 1154 31 1
23 L 6 8 1
23 L 1 8 1
23 L 9 6 1
23 D 1156 8 1
23 D 1156 6 1
24 L 3 2 1
24 L 5 3 1
24 D 1158 2 1
25 L 9 4 1
25 L 4 2 1
25 D 1160 4 1
26 L 3 4 1
26 L 5 2 1
26 D 1162 4 1
27 L 7 1 1
27 L 8 1 1
27 L 9 4 1
27 L 0 2 1
27 L 6 2 1
27 D 1164 1 1
27 D 1164 4 1
27 D 1164 2 1
28 L 8 44 1
28 L 2 54 1
28 L 7 45 1
28 D 1166 44 1
28 D 1166 45 1
29 L 9 2 1
29 L 7 5 1
29 L 2 2 1
29 L 1 2 1
29 L 8 3 1
29 D 1168 2 1
29 D 1168 2 1
29 D 1168 3 1
0 L 0 50 1
0 L 0 18 1
0 L 2 53 1
0 D 1021 50 1
0 D 1021 53 1
1 L 9 73 1
1 L 8 42 1
1 L 9 1 1
1 L 6 3 1
1 L 5 28 1
1 D 1067 73 1
1 D 1067 1 1
1 D 1067 28 1
2 L 4 1 1
2 L 7 2 1
2 L 0 1 1
2 L 6 6 1
2 D 1089 1 1
2 D 1089 1 1
3 L 5 41 1
3 L 2 27 1
3 L 3 52 1
3 L 6 5 1
3 D 1105 41 1
3 D 1105 52 1
4 L 3 1 1
4 L 5 1 1
4 L 7 1 1
4 D 1115 1 1
4 D 1115 1 1
5 L 6 5 1
5 L 3 1 1
5 L 6 3 1
5 L 0 1 1
5 D 1123 5 1
5 D 1123 3 1
6 L 0 6 1
6 L 5 3 1
6 L 2 2 1
6 L 7 1 1
6 D 1131 6 1
6 D 1131 2 1
7 L 5 2 1
7 L 3 37 1
7 L 0 54 1
7 L 8 57 1
7 D 1139 2 1
7 D 1139 54 1
8 L 1 69 1
8 L 1 6 1
8 L 9 9 1
8 D 1143 69 1
8 D 1143 9 1
9 L 0 40 1
9 L 6 4 1
9 L 0 4 1
9 D 1147 40 1
9 D 1147 4 1
10 L 4 2 1
10 L 1 2 1
10 L 3 2 1
10 L 5 4 1
10 D 1151 2 1
10 D 1151 2 1
11 L 4 41 1
11 L 3 2 1
11 L 5 6 1
11 L 7 5 1
11 L 2 3 1
11 L 0 6 1
11 D 1155 41 1
11 D 1155 6 1
11 D 1155 3 1
12 L 2 52 1
12 L 0 49 1
12 L 2 3 1
12 D 1159 52 1
12 D 1159 3 1
13 L 9 1 1
13 L 1 2 1
13 L 3 1 1
13 D 1163 1 1
13 D 1163 1 1
14 L 0 48 1
14 L 6 1 1
14 L 0 2 1
14 L 9 3 1
14 L 1 6 1
14 L 7 3 1
14 D 1167 48 1
14 D 1167 2 1
14 D 1167 6 1
15 L 3 1 1
15 L 9 3 1
15 L 4 2 1
15 D 1170 1 1
15 D 1170 2 1
16 L 9 27 1
16 L 8 30 1
16 L 7 4 1
16 L 5 2 1
16 L 4 5 1
16 D 1172 27 1
16 D 1172 4 1
16 D 1172 5 1
17 L 6 2 1
17 L 1 10 1
17 L 2 9 1
17 L 8 9 1
17 L 9 37 1
17 D 1174 2 1
17 D 1174 9 1
17 D 1174 37 1
18 L 0 7 1
18 L 5 3 1
18 L 3 1 1
18 L 4 4 1
18 L 6 6 1
18 D 1176 7 1
18 D 1176 1 1
18 D 1176 6 1
19 L 0 3 1
19 L 9 8 1
19 L 2 9 1
19 L 1 9 1
19 L 8 11 1
19 D 1178 3 1
19 D 1178 9 1
19 D 1178 11 1
20 L 3 35 1
20 L 9 1 1
20 L 3 3 1
20 L 5 1 1
20 D 1180 35 1
20 D 1180 3 1
21 L 6 4 1
21 L 9 1 1
21 L 7 31 1
21 D 1182 4 1
21 D 1182 31 1
22 L 0 34 1
22 L 5 2 1
22 L 0 3 1
22 D 1184 34 1
22 D 1184 3 1
23 L 9 2 1
23 L 2 2 1
23 D 1186 2 1
24 L 6 23 1
24 L 7 52 1
24 L 4 24 1
24 L 6 78 1
24 D 1188 23 1
24 D 1188 24 1
25 L 9 15 1
25 L 0 30 1
25 L 8 41 1
25 L 7 35 1
25 D 1190 15 1
25 D 1190 41 1
26 L 4 21 1
26 L 6 5 1
26 L 7 1 1
26 D 1192 21 1
26 D 1192 1 1
27 L 1 8 1
27 L 5 1 1
27 L 4 2 1
27 D 1194 8 1
27 D 1194 2 1
28 L 5 15 1
28 L 7 3 1
28 L 2 1 1
28 D 1196 15 1
28 D 1196 1 1
29 L 8 62 1
29 L 6 8 1
29 L 4 1 1
29 L 5 1 1
29 D 1198 62 1
29 D 1198 1 1
0 L 4 4 1
0 L 9 3 1
0 L 6 3 1
0 L 1 11 1
0 L 5 1 1
0 L 0 5 1
0 D 1051 4 1
0 D 1051 3 1
0 D 1051 1 1
1 L 7 2 1
1 L 2 2 1
1 L 8 3 1
1 L 4 4 1
1 L 9 9 1
1 L 6 5 1
1 L 1 5 1
1 D 1097 2 1
1 D 1097 3 1
1 D 1097 9 1
1 D 1097 5 1
2 L 2 7 1
2 L 5 3 1
2 L 3 2 1
2 D 1119 7 1
2 D 1119 2 1
3 L 1 65 1
3 L 7 1 1
3 L 1 2 1
3 L 3 29 1
3 D 1135 65 1
3 D 1135 2 1
4 L 6 5 1
4 L 9 4 1
4 L 1 5 1
4 D 1145 5 1
4 D 1145 5 1
5 L 4 2 1
5 L 9 3 1
5 L 8 19 1
5 L 3 6 1
5 D 1153 2 1
5 D 1153 19 1
6 L 6 26 1
6 L 7 45 1
6 L 7 5 1
6 D 1161 26 1
6 D 1161 5 1
7 L 5 2 1
7 L 0 5 1
7 L 4 4 1
7 L 2 1 1
7 D 1169 2 1
7 D 1169 4 1
8 L 5 44 1
8 L 8 40 1
8 L 2 54 1
8 L 9 2 1
8 D 1173 44 1
8 D 1173 54 1
9 L 1 44 1
9 L 2 41 1
9 L 8 56 1
9 D 1177 44 1
9 D 1177 56 1
10 L 3 4 1
10 L 5 3 1
10 D 1181 4 1
11 L 6 7 1
11 L 4 4 1
11 L 0 1 1
11 D 1185 7 1
11 D 1185 1 1
12 L 4 31 1
12 L 3 56 1
12 L 5 2 1
12 L 3 1 1
12 D 1189 31 1
12 D 1189 2 1
13 L 4 5 1
13 L 3 1 1
13 L 0 2 1
13 L 1 3 1
13 L 2 4 1
13 D 1193 5 1
13 D 1193 2 1
13 D 1193 4 1
14 L 9 2 1
14 L 4 1 1
14 D 1197 2 1
15 L 0 6 1
15 L 7 4 1
15 L 2 5 1
15 D 1200 6 1
15 D 1200 5 1
16 L 7 3 1
16 L 2 8 1
16 L 5 5 1
16 L 3 1 1
16 L 8 3 1
16 D 1202 3 1
16 D 1202 5 1
16 D 1202 3 1
17 L 7 2 1
17 L 2 3 1
17 L 0 1 1
17 D 1204 2 1
17 D 1204 1 1
18 L 1 3 1
18 L 8 2 1
18 L 9 6 1
18 L 6 1 1
18 L 0 1 1
18 D 1206 3 1
18 D 1206 6 1
18 D 1206 1 1
19 L 6 34 1
19 L 8 55 1
19 D 1208 34 1
20 L 1 43 1
20 L 8 61 1
20 L 3 2 1
20 L 0 4 1
20 D 1210 43 1
20 D 1210 2 1
21 L 6 22 1
21 L 9 72 1
21 L 6 57 1
21 D 1212 22 1
21 D 1212 57 1
22 L 7 4 1
22 L 8 1 1
22 L 2 1 1
22 L 4 2 1
22 L 9 1 1
22 D 1214 4 1
22 D 1214 1 1
22 D 1214 1 1
23 L 0 49 1
23 L 6 4 1
23 L 9 2 1
23 L 1 1 1
23 D 1216 49 1
23 D 1216 2 1
24 L 4 2 1
24 L 8 1 1
24 L 6 2 1
24 L 1 2 1
24 L 3 3 1
24 L 5 2 1
24 D 1218 2 1
24 D 1218 2 1
24 D 1218 3 1
25 L 1 2 1
25 L 9 2 1
25 L 5 2 1
25 L 7 5 1
25 L 8 6 1
25 D 1220 2 1
25 D 1220 2 1
25 D 1220 6 1
26 L 7 51 1
26 L 3 2 1
26 L 5 8 1
26 D 1222 51 1
26 D 1222 8 1
27 L 7 50 1
27 L 9 36 1
27 L 4 2 1
27 L 9 2 1
27 D 1224 50 1
27 D 1224 2 1
28 L 3 43 1
28 L 2 3 1
28 L 7 3 1
28 L 8 6 1
28 L 4 2 1
28 L 6 5 1
28 L 1 5 1
28 L 0 9 1
28 D 1226 43 1
28 D 1226 3 1
28 D 1226 2 1
28 D 1226 5 1
29 L 9 19 1
29 L 0 4 1
29 L 3 1 1
29 L 7 5 1
29 D 1228 19 1
29 D 1228 1 1
0 L 3 51 1
0 L 4 19 1
0 L 3 1 1
0 L 5 55 1
0 D 1081 51 1
0 D 1081 1 1
1 L 0 6 1
1 L 5 2 1
1 D 1127 6 1
2 L 9 49 1
2 L 0 33 1
2 L 9 37 1
2 D 1149 49 1
2 D 1149 37 1
3 L 3 50 1
3 L 4 49 1
3 L 6 2 1
3 D 1165 50 1
3 D 1165 2 1
4 L 1 64 1
4 L 3 4 1
4 L 7 7 1
4 D 1175 64 1
4 D 1175 7 1
5 L 9 6 1
5 L 1 5 1
5 L 3 1 1
5 L 8 1 1
5 D 1183 6 1
5 D 1183 1 1
6 L 4 1 1
6 L 0 3 1
6 L 9 4 1
6 D 1191 1 1
6 D 1191 4 1
7 L 4 4 1
7 L 3 1 1
7 L 9 9 1
7 D 1199 4 1
7 D 1199 9 1
8 L 5 1 1
8 L 8 7 1
8 L 0 4 1
8 L 4 3 1
8 D 1203 1 1
8 D 1203 4 1
9 L 6 52 1
9 L 1 42 1
9 L 0 49 1
9 D 1207 52 1
9 D 1207 49 1
10 L 1 34 1
10 L 9 2 1
10 L 1 5 1
10 L 4 2 1
10 D 1211 34 1
10 D 1211 5 1
11 L 3 55 1
11 L 3 2 1
11 L 5 1 1
11 D 1215 55 1
11 D 1215 1 1
12 L 7 3 1
12 L 4 4 1
12 L 5 1 1
12 L 7 6 1
12 L 0 8 1
12 D 1219 3 1
12 D 1219 1 1
12 D 1219 8 1
13 L 3 3 1
13 L 2 1 1
13 L 8 3 1
13 D 1223 3 1
13 D 1223 3 1
14 L 9 36 1
14 L 8 70 1
14 L 4 2 1
14 D 1227 36 1
14 D 1227 2 1
15 L 6 3 1
15 L 0 2 1
15 L 1 9 1
15 L 2 5 1
15 L 8 13 1
15 L 4 1 1
15 L 6 2 1
15 D 1230 3 1
15 D 1230 9 1
15 D 1230 13 1
15 D 1230 2 1
16 L 9 6 1
16 L 4 5 1
16 D 1232 6 1
17 L 9 7 1
17 L 1 8 1
17 L 0 2 1
17 L 2 8 1
17 L 8 10 1
17 D 1234 7 1
17 D 1234 2 1
17 D 1234 10 1
18 L 9 6 1
18 L 4 2 1
18 L 1 6 1
18 D 1236 6 1
18 D 1236 6 1
19 L 9 42 1
19 L 7 3 1
19 L 0 1 1
19 D 1238 42 1
19 D 1238 1 1
20 L 7 70 1
20 L 2 40 1
20 D 1240 70 1
21 L 3 1 1
21 L 5 2 1
21 L 7 3 1
21 D 1242 1 1
21 D 1242 3 1
22 L 4 2 1
22 L 9 9 1
22 L 1 8 1
22 L 5 2 1
22 L 7 1 1
22 D 1244 2 1
22 D 1244 8 1
22 D 1244 1 1
23 L 6 83 1
23 L 0 1 1
23 L 6 4 1
23 L 7 4 1
23 L 1 3 1
23 D 1246 83 1
23 D 1246 4 1
23 D 1246 3 1
24 L 5 29 1
24 L 0 1 1
24 L 5 2 1
24 L 2 2 1
24 L 7 3 1
24 L 3 3 1
24 L 4 2 1
24 L 8 3 1
24 L 6 1 1
24 L 9 3 1
24 L 1 2 1
24 L 9 41 1
24 L 5 40 1
24 L 4 45 1
24 D 1248 29 1
24 D 1248 2 1
24 D 1248 3 1
24 D 1248 2 1
24 D 1248 1 1
24 D 1248 2 1
24 D 1248 40 1
0 L 4 2 1
0 L 6 3 1
0 D 1111 2 1
1 L 4 2 1
1 L 9 3 1
1 L 1 3 1
1 D 1157 2 1
1 D 1157 3 1
2 L 0 1 1
2 L 9 3 1
2 L 6 1 1
2 L 1 2 1
2 L 5 64 1
2 L 6 56 1
2 D 1179 1 1
2 D 1179 1 1
2 D 1179 64 1
3 L 7 1 1
3 L 8 1 1
3 L 1 2 1
3 L 3 54 1
3 L 3 6 1
3 D 1195 1 1
3 D 1195 2 1
3 D 1195 6 1
4 L 4 3 1
4 L 6 2 1
4 L 5 2 1
4 D 1205 3 1
4 D 1205 2 1
5 L 7 49 1
5 L 1 41 1
5 L 6 5 1
5 L 4 1 1
5 D 1213 49 1
5 D 1213 5 1
6 L 9 20 1
6 L 5 3 1
6 L 3 3 1
6 D 1221 20 1
6 D 1221 3 1
7 L 5 63 1
7 L 8 54 1
7 D 1229 63 1
8 L 7 34 1
8 L 7 4 1
8 L 8 6 1
8 D 1233 34 1
8 D 1233 6 1
9 L 1 1 1
9 L 5 2 1
9 L 7 5 1
9 L 0 3 1
9 D 1237 1 1
9 D 1237 5 1
10 L 9 6 1
10 L 0 1 1
10 L 1 7 1
10 L 2 7 1
10 L 8 9 1
10 D 1241 6 1
10 D 1241 7 1
10 D 1241 9 1
11 L 6 5 1
11 L 9 4 1
11 L 8 1 1
11 L 6 7 1
11 D 1245 5 1
11 D 1245 1 1
12 L 0 2 1
12 L 8 1 1
12 L 6 2 1
12 D 1249 2 1
12 D 1249 2 1
0 L 9 3 1
0 L 1 2 1
0 D 1141 3 1
1 L 7 1 1
1 L 4 3 1
1 L 2 1 1
1 L 6 4 1
1 L 9 8 1
1 L 8 2 1
1 L 1 4 1
1 D 1187 1 1
1 D 1187 1 1
1 D 1187 8 1
1 D 1187 4 1
2 L 0 7 1
2 L 7 5 1
2 L 2 4 1
2 L 4 3 1
2 D 1209 7 1
2 D 1209 4 1
3 L 3 4 1
3 L 4 3 1
3 L 5 1 1
3 D 1225 4 1
3 D 1225 1 1
4 L 7 51 1
4 L 6 82 1
4 L 3 5 1
4 D 1235 51 1
4 D 1235 5 1
5 L 5 4 1
5 L 3 1 1
5 D 1243 4 1
0 L 7 48 1
0 L 9 3 1
0 L 6 1 1
0 D 1171 48 1
0 D 1171 1 1
1 L 4 1 1
1 L 1 1 1
1 L 9 39 1
1 L 6 28 1
1 L 6 51 1
1 D 1217 1 1
1 D 1217 39 1
1 D 1217 51 1
2 L 3 2 1
2 L 0 1 1
2 L 7 6 1
2 L 6 1 1
2 D 1239 2 1
2 D 1239 6 1
0 L 4 1 1
0 L 7 2 1
0 L 6 4 1
0 L 2 2 1
0 L 1 4 1
0 L 8 5 1
0 L 6 55 1
0 D 1201 1 1
0 D 1201 4 1
0 D 1201 4 1
0 D 1201 55 1
1 L 4 4 1
1 L 3 2 1
1 L 0 1 1
1 D 1247 4 1
1 D 1247 1 1
