0 L 0 43 1
0 L 0 75 1
0 L 0 29 1
0 D 0 43 1
0 D 0 29 1
1 L 0 32 1
1 L 0 17 1
1 L 0 67 1
1 L 0 14 1
1 D 2 32 1
1 D 2 67 1
2 L 0 74 1
2 L 0 55 1
2 L 0 36 1
2 D 4 74 1
2 D 4 36 1
3 L 0 36 1
3 L 0 38 1
3 D 6 36 1
4 L 0 30 1
4 L 0 96 1
4 L 0 39 1
4 D 8 30 1
4 D 8 39 1
5 L 0 21 1
5 L 0 36 1
5 L 0 67 1
5 L 0 35 1
5 L 0 35 1
5 D 10 21 1
5 D 10 67 1
5 D 10 35 1
6 L 0 26 1
6 L 0 19 1
6 L 0 70 1
6 D 12 26 1
6 D 12 70 1
7 L 0 72 1
7 L 0 72 1
7 D 14 72 1
8 L 0 16 1
8 L 0 45 1
8 D 16 16 1
9 L 0 63 1
9 L 0 17 1
9 D 18 63 1
10 L 0 35 1
10 D 20 35 1
11 L 0 84 1
11 L 0 19 1
11 L 0 36 1
11 L 0 76 1
11 D 22 84 1
11 D 22 36 1
12 L 0 45 1
12 L 0 86 1
12 L 0 30 1
12 L 0 43 1
12 D 24 45 1
12 D 24 30 1
13 L 0 62 1
13 L 0 36 1
13 L 0 50 1
13 D 26 62 1
13 D 26 50 1
14 L 0 30 1
14 L 0 22 1
14 L 0 90 1
14 D 28 30 1
14 D 28 90 1
15 L 0 52 1
15 L 0 37 1
15 L 0 54 1
15 D 30 52 1
15 D 30 54 1
16 L 0 54 1
16 L 0 43 1
16 L 0 70 1
16 D 32 54 1
16 D 32 70 1
17 L 0 66 1
17 L 0 31 1
17 L 0 72 1
17 L 0 54 1
17 L 0 23 1
17 D 34 66 1
17 D 34 72 1
17 D 34 23 1
18 L 0 84 1
18 L 0 73 1
18 L 0 45 1
18 L 0 83 1
18 L 0 72 1
18 D 36 84 1
18 D 36 45 1
18 D 36 72 1
19 L 0 64 1
19 L 0 31 1
19 D 38 64 1
0 L 0 77 1
0 L 0 63 1
0 L 0 46 1
0 L 0 47 1
0 L 0 50 1
0 D 1 77 1
0 D 1 46 1
0 D 1 50 1
1 L 0 20 1
1 L 0 21 1
1 L 0 93 1
1 L 0 39 1
1 L 0 57 1
1 L 0 58 1
1 D 5 20 1
1 D 5 93 1
1 D 5 57 1
2 L 0 79 1
2 L 0 41 1
2 L 0 78 1
2 D 9 79 1
2 D 9 78 1
3 L 0 43 1
3 L 0 77 1
3 L 0 50 1
3 L 0 42 1
3 D 13 43 1
3 D 13 50 1
4 L 0 75 1
4 L 0 98 1
4 D 17 75 1
5 L 0 78 1
5 L 0 93 1
5 D 21 78 1
6 L 0 66 1
6 L 0 65 1
6 L 0 52 1
6 D 25 66 1
6 D 25 52 1
7 L 0 42 1
7 L 0 18 1
7 L 0 33 1
7 D 29 42 1
7 D 29 33 1
8 L 0 54 1
8 L 0 64 1
8 L 0 83 1
8 D 33 54 1
8 D 33 83 1
9 L 0 19 1
9 L 0 33 1
9 L 0 34 1
9 D 37 19 1
9 D 37 34 1
10 L 0 49 1
10 L 0 62 1
10 L 0 56 1
10 D 40 49 1
10 D 40 56 1
11 L 0 50 1
11 L 0 80 1
11 L 0 41 1
11 L 0 44 1
11 D 42 50 1
11 D 42 41 1
12 L 0 23 1
12 L 0 75 1
12 L 0 22 1
12 L 0 64 1
12 D 44 23 1
12 D 44 22 1
13 L 0 46 1
13 L 0 58 1
13 L 0 49 1
13 D 46 46 1
13 D 46 49 1
14 L 0 54 1
14 L 0 62 1
14 L 0 22 1
14 D 48 54 1
14 D 48 22 1
15 L 0 71 1
15 L 0 57 1
15 L 0 78 1
15 D 50 71 1
15 D 50 78 1
16 L 0 49 1
16 L 0 16 1
16 L 0 44 1
16 D 52 49 1
16 D 52 44 1
17 L 0 53 1
17 L 0 51 1
17 L 0 29 1
17 L 0 19 1
17 D 54 53 1
17 D 54 29 1
18 L 0 38 1
18 L 0 36 1
18 L 0 70 1
18 L 0 70 1
18 L 0 38 1
18 D 56 38 1
18 D 56 70 1
18 D 56 38 1
19 L 0 66 1
19 L 0 34 1
19 L 0 26 1
19 D 58 66 1
19 D 58 26 1
0 L 0 44 1
0 L 0 29 1
0 D 3 44 1
1 L 0 36 1
1 L 0 28 1
1 L 0 89 1
1 D 11 36 1
1 D 11 89 1
2 L 0 35 1
2 L 0 59 1
2 L 0 65 1
2 L 0 45 1
2 L 0 25 1
2 L 0 65 1
2 D 19 35 1
2 D 19 65 1
2 D 19 25 1
3 L 0 88 1
3 L 0 61 1
3 L 0 48 1
3 L 0 64 1
3 D 27 88 1
3 D 27 48 1
4 L 0 41 1
4 L 0 38 1
4 L 0 53 1
4 D 35 41 1
4 D 35 53 1
5 L 0 42 1
5 L 0 64 1
5 L 0 35 1
5 D 41 42 1
5 D 41 35 1
6 L 0 10 1
6 L 0 53 1
6 L 0 47 1
6 L 0 63 1
6 D 45 10 1
6 D 45 47 1
7 L 0 40 1
7 L 0 70 1
7 L 0 50 1
7 D 49 40 1
7 D 49 50 1
8 L 0 38 1
8 L 0 40 1
8 D 53 38 1
9 L 0 78 1
9 L 0 71 1
9 D 57 78 1
10 L 0 70 1
10 L 0 21 1
10 L 0 83 1
10 L 0 76 1
10 D 60 70 1
10 D 60 83 1
11 L 0 79 1
11 L 0 27 1
11 L 0 22 1
11 L 0 77 1
11 D 62 79 1
11 D 62 22 1
12 L 0 58 1
12 L 0 18 1
12 L 0 69 1
12 D 64 58 1
12 D 64 69 1
13 L 0 21 1
13 L 0 46 1
13 L 0 64 1
13 D 66 21 1
13 D 66 64 1
14 L 0 62 1
14 L 0 15 1
14 L 0 72 1
14 L 0 20 1
14 L 0 50 1
14 L 0 95 1
14 D 68 62 1
14 D 68 72 1
14 D 68 50 1
15 L 0 46 1
15 L 0 84 1
15 L 0 53 1
15 D 70 46 1
15 D 70 53 1
16 L 0 57 1
16 L 0 71 1
16 L 0 37 1
16 D 72 57 1
16 D 72 37 1
17 L 0 92 1
17 L 0 59 1
17 L 0 74 1
17 D 74 92 1
17 D 74 74 1
18 L 0 64 1
18 L 0 63 1
18 D 76 64 1
19 L 0 42 1
19 L 0 41 1
19 L 0 48 1
19 D 78 42 1
19 D 78 48 1
0 L 0 56 1
0 L 0 20 1
0 L 0 35 1
0 D 7 56 1
0 D 7 35 1
1 L 0 35 1
1 L 0 41 1
1 L 0 32 1
1 L 0 50 1
1 D 23 35 1
1 D 23 32 1
2 L 0 77 1
2 L 0 44 1
2 L 0 76 1
2 L 0 60 1
2 D 39 77 1
2 D 39 76 1
3 L 0 77 1
3 L 0 34 1
3 D 47 77 1
4 L 0 22 1
4 L 0 58 1
4 L 0 64 1
4 L 0 18 1
4 L 0 53 1
4 D 55 22 1
4 D 55 64 1
4 D 55 53 1
5 L 0 34 1
5 L 0 42 1
5 L 0 54 1
5 L 0 56 1
5 D 61 34 1
5 D 61 54 1
6 L 0 34 1
6 L 0 49 1
6 L 0 41 1
6 D 65 34 1
6 D 65 41 1
7 L 0 53 1
7 L 0 48 1
7 L 0 43 1
7 L 0 39 1
7 L 0 48 1
7 D 69 53 1
7 D 69 43 1
7 D 69 48 1
8 L 0 68 1
8 D 73 68 1
9 L 0 53 1
9 L 0 90 1
9 L 0 30 1
9 L 0 33 1
9 D 77 53 1
9 D 77 30 1
10 L 0 70 1
10 L 0 45 1
10 D 80 70 1
11 L 0 17 1
11 L 0 23 1
11 L 0 33 1
11 D 82 17 1
11 D 82 33 1
12 L 0 53 1
12 L 0 11 1
12 L 0 36 1
12 D 84 53 1
12 D 84 36 1
13 L 0 22 1
13 L 0 74 1
13 L 0 37 1
13 L 0 80 1
13 D 86 22 1
13 D 86 37 1
14 L 0 59 1
14 L 0 59 1
14 D 88 59 1
15 L 0 21 1
15 L 0 26 1
15 L 0 35 1
15 D 90 21 1
15 D 90 35 1
16 L 0 76 1
16 L 0 49 1
16 L 0 26 1
16 D 92 76 1
16 D 92 26 1
17 L 0 42 1
17 L 0 22 1
17 L 0 87 1
17 L 0 30 1
17 D 94 42 1
17 D 94 87 1
18 L 0 69 1
18 L 0 66 1
18 L 0 61 1
18 D 96 69 1
18 D 96 61 1
19 L 0 71 1
19 L 0 82 1
19 L 0 61 1
19 D 98 71 1
19 D 98 61 1
0 L 0 75 1
0 L 0 39 1
0 L 0 76 1
0 L 0 55 1
0 L 0 94 1
0 L 0 44 1
0 L 0 40 1
0 D 15 75 1
0 D 15 76 1
0 D 15 94 1
0 D 15 40 1
1 L 0 39 1
1 L 0 22 1
1 L 0 61 1
1 D 43 39 1
1 D 43 61 1
2 L 0 53 1
2 L 0 63 1
2 L 0 47 1
2 L 0 42 1
2 D 59 53 1
2 D 59 47 1
3 L 0 38 1
3 L 0 33 1
3 L 0 73 1
3 L 0 34 1
3 D 67 38 1
3 D 67 73 1
4 L 0 78 1
4 L 0 74 1
4 L 0 61 1
4 L 0 49 1
4 D 75 78 1
4 D 75 61 1
5 L 0 45 1
5 L 0 38 1
5 L 0 83 1
5 L 0 64 1
5 D 81 45 1
5 D 81 83 1
6 L 0 38 1
6 L 0 40 1
6 L 0 97 1
6 D 85 38 1
6 D 85 97 1
7 L 0 26 1
7 L 0 96 1
7 D 89 26 1
8 L 0 32 1
8 L 0 40 1
8 L 0 9 1
8 L 0 57 1
8 L 0 48 1
8 L 0 64 1
8 D 93 32 1
8 D 93 9 1
8 D 93 48 1
9 L 0 58 1
9 L 0 23 1
9 L 0 69 1
9 L 0 39 1
9 D 97 58 1
9 D 97 69 1
10 L 0 9 1
10 L 0 28 1
10 L 0 18 1
10 D 100 9 1
10 D 100 18 1
11 L 0 52 1
11 L 0 27 1
11 L 0 56 1
11 L 0 20 1
11 D 102 52 1
11 D 102 56 1
12 L 0 14 1
12 L 0 16 1
12 L 0 52 1
12 L 0 35 1
12 L 0 46 1
12 D 104 14 1
12 D 104 52 1
12 D 104 46 1
13 L 0 25 1
13 L 0 43 1
13 L 0 55 1
13 D 106 25 1
13 D 106 55 1
14 L 0 29 1
14 L 0 79 1
14 L 0 59 1
14 L 0 65 1
14 D 108 29 1
14 D 108 59 1
15 L 0 26 1
15 L 0 39 1
15 L 0 63 1
15 D 110 26 1
15 D 110 63 1
16 L 0 51 1
16 L 0 79 1
16 L 0 10 1
16 D 112 51 1
16 D 112 10 1
17 L 0 23 1
17 L 0 60 1
17 L 0 20 1
17 L 0 82 1
17 D 114 23 1
17 D 114 20 1
18 L 0 78 1
18 L 0 92 1
18 L 0 43 1
18 D 116 78 1
18 D 116 43 1
19 L 0 19 1
19 L 0 51 1
19 L 0 29 1
19 L 0 41 1
19 D 118 19 1
19 D 118 29 1
0 L 0 34 1
0 L 0 33 1
0 L 0 47 1
0 L 0 37 1
0 D 31 34 1
0 D 31 47 1
1 L 0 54 1
1 L 0 53 1
1 L 0 36 1
1 D 63 54 1
1 D 63 36 1
2 L 0 21 1
2 L 0 41 1
2 L 0 75 1
2 D 79 21 1
2 D 79 75 1
3 L 0 19 1
3 L 0 85 1
3 L 0 54 1
3 D 87 19 1
3 D 87 54 1
4 L 0 33 1
4 L 0 42 1
4 L 0 65 1
4 D 95 33 1
4 D 95 65 1
5 L 0 76 1
5 L 0 63 1
5 L 0 48 1
5 L 0 75 1
5 D 101 76 1
5 D 101 48 1
6 L 0 65 1
6 L 0 51 1
6 L 0 69 1
6 L 0 48 1
6 D 105 65 1
6 D 105 69 1
7 L 0 71 1
7 L 0 42 1
7 L 0 87 1
7 L 0 44 1
7 L 0 24 1
7 D 109 71 1
7 D 109 87 1
7 D 109 24 1
8 L 0 35 1
8 L 0 39 1
8 L 0 8 1
8 L 0 33 1
8 D 113 35 1
8 D 113 8 1
9 L 0 63 1
9 L 0 44 1
9 L 0 26 1
9 L 0 66 1
9 D 117 63 1
9 D 117 26 1
10 L 0 60 1
10 L 0 41 1
10 L 0 47 1
10 L 0 65 1
10 D 120 60 1
10 D 120 47 1
11 L 0 92 1
11 L 0 91 1
11 L 0 39 1
11 L 0 59 1
11 D 122 92 1
11 D 122 39 1
12 L 0 34 1
12 D 124 34 1
13 L 0 69 1
13 L 0 15 1
13 L 0 77 1
13 D 126 69 1
13 D 126 77 1
14 L 0 75 1
14 L 0 22 1
14 D 128 75 1
15 L 0 95 1
15 L 0 74 1
15 L 0 75 1
15 D 130 95 1
15 D 130 75 1
16 L 0 90 1
16 L 0 74 1
16 L 0 73 1
16 L 0 13 1
16 L 0 39 1
16 D 132 90 1
16 D 132 73 1
16 D 132 39 1
17 L 0 76 1
17 L 0 70 1
17 D 134 76 1
18 L 0 42 1
18 L 0 18 1
18 L 0 53 1
18 D 136 42 1
18 D 136 53 1
19 L 0 16 1
19 L 0 30 1
19 L 0 68 1
19 D 138 16 1
19 D 138 68 1
0 L 0 53 1
0 L 0 55 1
0 L 0 86 1
0 D 51 53 1
0 D 51 86 1
1 L 0 58 1
1 L 0 34 1
1 L 0 57 1
1 D 83 58 1
1 D 83 57 1
2 L 0 48 1
2 L 0 35 1
2 L 0 25 1
2 L 0 37 1
2 L 0 67 1
2 D 99 48 1
2 D 99 25 1
2 D 99 67 1
3 L 0 41 1
3 L 0 47 1
3 L 0 30 1
3 D 107 41 1
3 D 107 30 1
4 L 0 28 1
4 L 0 56 1
4 L 0 56 1
4 L 0 28 1
4 L 0 20 1
4 D 115 28 1
4 D 115 56 1
4 D 115 20 1
5 L 0 52 1
5 L 0 77 1
5 L 0 37 1
5 D 121 52 1
5 D 121 37 1
6 L 0 67 1
6 L 0 45 1
6 L 0 69 1
6 D 125 67 1
6 D 125 69 1
7 L 0 94 1
7 L 0 37 1
7 D 129 94 1
8 L 0 13 1
8 L 0 23 1
8 L 0 28 1
8 L 0 56 1
8 D 133 13 1
8 D 133 28 1
9 L 0 20 1
9 L 0 65 1
9 D 137 20 1
10 L 0 19 1
10 L 0 72 1
10 L 0 59 1
10 D 140 19 1
10 D 140 59 1
11 L 0 43 1
11 L 0 36 1
11 L 0 19 1
11 L 0 36 1
11 D 142 43 1
11 D 142 19 1
12 L 0 13 1
12 L 0 63 1
12 L 0 15 1
12 D 144 13 1
12 D 144 15 1
13 L 0 50 1
13 L 0 50 1
13 L 0 49 1
13 D 146 50 1
13 D 146 49 1
14 L 0 46 1
14 L 0 20 1
14 L 0 29 1
14 D 148 46 1
14 D 148 29 1
15 L 0 52 1
15 L 0 62 1
15 L 0 21 1
15 D 150 52 1
15 D 150 21 1
16 L 0 73 1
16 L 0 32 1
16 L 0 36 1
16 L 0 23 1
16 L 0 83 1
16 D 152 73 1
16 D 152 36 1
16 D 152 83 1
17 L 0 59 1
17 L 0 94 1
17 L 0 31 1
17 D 154 59 1
17 D 154 31 1
18 L 0 12 1
18 L 0 41 1
18 D 156 12 1
19 L 0 62 1
19 L 0 44 1
19 L 0 25 1
19 L 0 35 1
19 D 158 62 1
19 D 158 25 1
0 L 0 71 1
0 L 0 68 1
0 L 0 50 1
0 L 0 82 1
0 L 0 35 1
0 D 71 71 1
0 D 71 50 1
0 D 71 35 1
1 L 0 49 1
1 L 0 81 1
1 L 0 58 1
1 D 103 49 1
1 D 103 58 1
2 L 0 82 1
2 L 0 40 1
2 L 0 58 1
2 L 0 50 1
2 L 0 45 1
2 D 119 82 1
2 D 119 58 1
2 D 119 45 1
3 L 0 36 1
3 L 0 68 1
3 L 0 76 1
3 L 0 52 1
3 D 127 36 1
3 D 127 76 1
4 L 0 37 1
4 L 0 37 1
4 L 0 56 1
4 L 0 23 1
4 D 135 37 1
4 D 135 56 1
5 L 0 7 1
5 L 0 37 1
5 L 0 69 1
5 L 0 62 1
5 D 141 7 1
5 D 141 69 1
6 L 0 77 1
6 L 0 88 1
6 L 0 43 1
6 D 145 77 1
6 D 145 43 1
7 L 0 57 1
7 L 0 41 1
7 D 149 57 1
8 L 0 55 1
8 L 0 48 1
8 L 0 27 1
8 D 153 55 1
8 D 153 27 1
9 L 0 36 1
9 L 0 21 1
9 L 0 28 1
9 L 0 48 1
9 L 0 40 1
9 D 157 36 1
9 D 157 28 1
9 D 157 40 1
10 L 0 52 1
10 L 0 10 1
10 L 0 17 1
10 D 160 52 1
10 D 160 17 1
11 L 0 17 1
11 L 0 52 1
11 L 0 70 1
11 L 0 75 1
11 D 162 17 1
11 D 162 70 1
12 L 0 11 1
12 L 0 57 1
12 L 0 26 1
12 D 164 11 1
12 D 164 26 1
13 L 0 42 1
13 L 0 16 1
13 L 0 53 1
13 L 0 30 1
13 L 0 94 1
13 D 166 42 1
13 D 166 53 1
13 D 166 94 1
14 L 0 30 1
14 L 0 41 1
14 D 168 30 1
15 L 0 17 1
15 L 0 40 1
15 L 0 48 1
15 L 0 60 1
15 D 170 17 1
15 D 170 48 1
16 L 0 54 1
16 D 172 54 1
17 L 0 52 1
17 L 0 40 1
17 L 0 35 1
17 D 174 52 1
17 D 174 35 1
18 L 0 12 1
18 L 0 64 1
18 L 0 43 1
18 D 176 12 1
18 D 176 43 1
19 L 0 52 1
19 L 0 90 1
19 L 0 93 1
19 L 0 48 1
19 D 178 52 1
19 D 178 93 1
0 L 0 67 1
0 L 0 57 1
0 L 0 41 1
0 L 0 36 1
0 L 0 50 1
0 L 0 32 1
0 D 91 67 1
0 D 91 41 1
0 D 91 50 1
1 L 0 82 1
1 L 0 66 1
1 D 123 82 1
2 L 0 41 1
2 L 0 12 1
2 D 139 41 1
3 L 0 70 1
3 L 0 25 1
3 L 0 89 1
3 L 0 14 1
3 L 0 47 1
3 L 0 71 1
3 D 147 70 1
3 D 147 89 1
3 D 147 47 1
4 L 0 62 1
4 L 0 48 1
4 L 0 51 1
4 D 155 62 1
4 D 155 51 1
5 L 0 39 1
5 L 0 46 1
5 L 0 71 1
5 D 161 39 1
5 D 161 71 1
6 L 0 82 1
6 L 0 62 1
6 L 0 24 1
6 D 165 82 1
6 D 165 24 1
7 L 0 40 1
7 L 0 40 1
7 L 0 45 1
7 L 0 78 1
7 D 169 40 1
7 D 169 45 1
8 L 0 93 1
8 L 0 20 1
8 L 0 26 1
8 D 173 93 1
8 D 173 26 1
9 L 0 46 1
9 L 0 43 1
9 L 0 14 1
9 L 0 16 1
9 L 0 25 1
9 D 177 46 1
9 D 177 14 1
9 D 177 25 1
10 L 0 29 1
10 L 0 45 1
10 L 0 81 1
10 L 0 74 1
10 D 180 29 1
10 D 180 81 1
11 L 0 49 1
11 L 0 35 1
11 L 0 52 1
11 L 0 82 1
11 D 182 49 1
11 D 182 52 1
12 L 0 25 1
12 L 0 42 1
12 L 0 60 1
12 D 184 25 1
12 D 184 60 1
13 L 0 51 1
13 L 0 41 1
13 L 0 67 1
13 D 186 51 1
13 D 186 67 1
14 L 0 20 1
14 L 0 37 1
14 D 188 20 1
15 L 0 31 1
15 L 0 81 1
15 D 190 31 1
16 L 0 85 1
16 L 0 21 1
16 D 192 85 1
17 L 0 22 1
17 L 0 32 1
17 D 194 22 1
18 L 0 56 1
18 L 0 41 1
18 L 0 57 1
18 D 196 56 1
18 D 196 57 1
19 L 0 67 1
19 L 0 81 1
19 L 0 11 1
19 L 0 48 1
19 D 198 67 1
19 D 198 11 1
0 L 0 23 1
0 L 0 40 1
0 L 0 23 1
0 D 111 23 1
0 D 111 23 1
1 L 0 21 1
1 L 0 89 1
1 L 0 67 1
1 D 143 21 1
1 D 143 67 1
2 L 0 70 1
2 L 0 28 1
2 L 0 18 1
2 L 0 74 1
2 D 159 70 1
2 D 159 18 1
3 L 0 25 1
3 L 0 42 1
3 L 0 36 1
3 D 167 25 1
3 D 167 36 1
4 L 0 54 1
4 D 175 54 1
5 L 0 25 1
5 L 0 50 1
5 L 0 80 1
5 D 181 25 1
5 D 181 80 1
6 L 0 58 1
6 L 0 74 1
6 D 185 58 1
7 L 0 16 1
7 L 0 16 1
7 L 0 49 1
7 L 0 43 1
7 D 189 16 1
7 D 189 49 1
8 L 0 67 1
8 L 0 64 1
8 L 0 21 1
8 D 193 67 1
8 D 193 21 1
9 L 0 31 1
9 L 0 34 1
9 L 0 37 1
9 L 0 61 1
9 D 197 31 1
9 D 197 37 1
10 L 0 81 1
10 L 0 60 1
10 D 200 81 1
11 L 0 43 1
11 L 0 43 1
11 L 0 61 1
11 L 0 33 1
11 L 0 47 1
11 D 202 43 1
11 D 202 61 1
11 D 202 47 1
12 L 0 80 1
12 L 0 48 1
12 L 0 22 1
12 L 0 75 1
12 D 204 80 1
12 D 204 22 1
13 L 0 83 1
13 L 0 37 1
13 L 0 47 1
13 D 206 83 1
13 D 206 47 1
14 L 0 75 1
14 L 0 54 1
14 L 0 28 1
14 D 208 75 1
14 D 208 28 1
15 L 0 33 1
15 L 0 74 1
15 L 0 95 1
15 L 0 44 1
15 D 210 33 1
15 D 210 95 1
16 L 0 89 1
16 L 0 62 1
16 L 0 65 1
16 L 0 35 1
16 D 212 89 1
16 D 212 65 1
17 L 0 84 1
17 L 0 74 1
17 L 0 59 1
17 D 214 84 1
17 D 214 59 1
18 L 0 36 1
18 D 216 36 1
19 L 0 49 1
19 L 0 62 1
19 L 0 45 1
19 D 218 49 1
19 D 218 45 1
0 L 0 9 1
0 L 0 56 1
0 L 0 23 1
0 L 0 19 1
0 D 131 9 1
0 D 131 23 1
1 L 0 25 1
1 L 0 58 1
1 L 0 46 1
1 D 163 25 1
1 D 163 46 1
2 L 0 22 1
2 L 0 69 1
2 L 0 51 1
2 L 0 16 1
2 D 179 22 1
2 D 179 51 1
3 L 0 42 1
3 L 0 24 1
3 L 0 33 1
3 D 187 42 1
3 D 187 33 1
4 L 0 8 1
4 L 0 25 1
4 D 195 8 1
5 L 0 29 1
5 L 0 35 1
5 L 0 27 1
5 D 201 29 1
5 D 201 27 1
6 L 0 69 1
6 L 0 40 1
6 L 0 64 1
6 D 205 69 1
6 D 205 64 1
7 L 0 49 1
7 L 0 69 1
7 L 0 53 1
7 L 0 49 1
7 L 0 79 1
7 D 209 49 1
7 D 209 53 1
7 D 209 79 1
8 L 0 45 1
8 L 0 30 1
8 D 213 45 1
9 L 0 20 1
9 L 0 38 1
9 L 0 93 1
9 L 0 44 1
9 D 217 20 1
9 D 217 93 1
10 L 0 28 1
10 L 0 40 1
10 L 0 59 1
10 L 0 92 1
10 D 220 28 1
10 D 220 59 1
11 L 0 57 1
11 L 0 5 1
11 L 0 64 1
11 D 222 57 1
11 D 222 64 1
12 L 0 81 1
12 L 0 27 1
12 L 0 47 1
12 L 0 81 1
12 L 0 11 1
12 D 224 81 1
12 D 224 47 1
12 D 224 11 1
13 L 0 51 1
13 L 0 52 1
13 L 0 18 1
13 D 226 51 1
13 D 226 18 1
14 L 0 52 1
14 L 0 39 1
14 D 228 52 1
15 L 0 32 1
15 L 0 58 1
15 D 230 32 1
16 L 0 55 1
16 L 0 64 1
16 L 0 85 1
16 L 0 20 1
16 D 232 55 1
16 D 232 85 1
17 L 0 42 1
17 L 0 52 1
17 L 0 66 1
17 D 234 42 1
17 D 234 66 1
18 L 0 88 1
18 L 0 76 1
18 D 236 88 1
19 L 0 20 1
19 L 0 44 1
19 L 0 18 1
19 D 238 20 1
19 D 238 18 1
0 L 0 39 1
0 L 0 30 1
0 L 0 63 1
0 D 151 39 1
0 D 151 63 1
1 L 0 21 1
1 L 0 35 1
1 L 0 66 1
1 L 0 58 1
1 D 183 21 1
1 D 183 66 1
2 L 0 6 1
2 L 0 33 1
2 D 199 6 1
3 L 0 63 1
3 L 0 32 1
3 L 0 42 1
3 D 207 63 1
3 D 207 42 1
4 L 0 55 1
4 L 0 76 1
4 L 0 93 1
4 D 215 55 1
4 D 215 93 1
5 L 0 47 1
5 L 0 76 1
5 L 0 38 1
5 L 0 59 1
5 D 221 47 1
5 D 221 38 1
6 L 0 52 1
6 L 0 32 1
6 L 0 26 1
6 L 0 71 1
6 D 225 52 1
6 D 225 26 1
7 L 0 88 1
7 L 0 70 1
7 L 0 21 1
7 L 0 52 1
7 L 0 18 1
7 L 0 32 1
7 D 229 88 1
7 D 229 21 1
7 D 229 18 1
8 L 0 46 1
8 D 233 46 1
9 L 0 22 1
9 L 0 86 1
9 L 0 72 1
9 L 0 39 1
9 L 0 45 1
9 L 0 23 1
9 D 237 22 1
9 D 237 72 1
9 D 237 45 1
10 L 0 8 1
10 L 0 48 1
10 L 0 37 1
10 L 0 75 1
10 D 240 8 1
10 D 240 37 1
11 L 0 64 1
11 L 0 18 1
11 L 0 57 1
11 L 0 33 1
11 D 242 64 1
11 D 242 57 1
12 L 0 38 1
12 L 0 68 1
12 L 0 82 1
12 L 0 47 1
12 D 244 38 1
12 D 244 82 1
13 L 0 40 1
13 L 0 74 1
13 L 0 38 1
13 L 0 22 1
13 D 246 40 1
13 D 246 38 1
14 L 0 22 1
14 L 0 48 1
14 L 0 73 1
14 L 0 39 1
14 L 0 38 1
14 D 248 22 1
14 D 248 73 1
14 D 248 38 1
15 L 0 78 1
15 L 0 42 1
15 L 0 36 1
15 L 0 16 1
15 D 250 78 1
15 D 250 36 1
16 L 0 68 1
16 L 0 73 1
16 L 0 16 1
16 D 252 68 1
16 D 252 16 1
17 L 0 27 1
17 L 0 39 1
17 L 0 51 1
17 L 0 64 1
17 D 254 27 1
17 D 254 51 1
18 L 0 28 1
18 L 0 63 1
18 L 0 26 1
18 L 0 73 1
18 D 256 28 1
18 D 256 26 1
19 L 0 71 1
19 L 0 17 1
19 L 0 31 1
19 L 0 93 1
19 L 0 28 1
19 D 258 71 1
19 D 258 31 1
19 D 258 28 1
0 L 0 44 1
0 L 0 56 1
0 L 0 21 1
0 D 171 44 1
0 D 171 21 1
1 L 0 72 1
1 L 0 92 1
1 L 0 74 1
1 L 0 30 1
1 L 0 78 1
1 D 203 72 1
1 D 203 74 1
1 D 203 78 1
2 L 0 41 1
2 L 0 40 1
2 L 0 70 1
2 L 0 62 1
2 L 0 61 1
2 L 0 69 1
2 D 219 41 1
2 D 219 70 1
2 D 219 61 1
3 L 0 34 1
3 L 0 40 1
3 L 0 43 1
3 L 0 47 1
3 D 227 34 1
3 D 227 43 1
4 L 0 84 1
4 L 0 74 1
4 L 0 51 1
4 D 235 84 1
4 D 235 51 1
5 L 0 30 1
5 L 0 21 1
5 L 0 91 1
5 D 241 30 1
5 D 241 91 1
6 L 0 87 1
6 L 0 51 1
6 L 0 82 1
6 D 245 87 1
6 D 245 82 1
7 L 0 30 1
7 L 0 65 1
7 D 249 30 1
8 L 0 55 1
8 L 0 70 1
8 L 0 23 1
8 L 0 35 1
8 D 253 55 1
8 D 253 23 1
9 L 0 84 1
9 L 0 94 1
9 L 0 75 1
9 D 257 84 1
9 D 257 75 1
10 L 0 41 1
10 L 0 49 1
10 D 260 41 1
11 L 0 38 1
11 L 0 55 1
11 D 262 38 1
12 L 0 65 1
12 L 0 86 1
12 L 0 33 1
12 D 264 65 1
12 D 264 33 1
13 L 0 43 1
13 L 0 25 1
13 L 0 7 1
13 D 266 43 1
13 D 266 7 1
14 L 0 81 1
14 L 0 50 1
14 D 268 81 1
15 L 0 66 1
15 L 0 78 1
15 L 0 47 1
15 D 270 66 1
15 D 270 47 1
16 L 0 76 1
16 L 0 57 1
16 L 0 34 1
16 L 0 37 1
16 D 272 76 1
16 D 272 34 1
17 L 0 42 1
17 L 0 41 1
17 L 0 36 1
17 L 0 83 1
17 D 274 42 1
17 D 274 36 1
18 L 0 47 1
18 L 0 63 1
18 D 276 47 1
19 L 0 35 1
19 L 0 55 1
19 L 0 22 1
19 L 0 72 1
19 L 0 15 1
19 D 278 35 1
19 D 278 22 1
19 D 278 15 1
0 L 0 49 1
0 D 191 49 1
1 L 0 61 1
1 L 0 75 1
1 L 0 75 1
1 D 223 61 1
1 D 223 75 1
2 L 0 54 1
2 L 0 87 1
2 L 0 19 1
2 D 239 54 1
2 D 239 19 1
3 L 0 19 1
3 L 0 35 1
3 L 0 30 1
3 D 247 19 1
3 D 247 30 1
4 L 0 46 1
4 L 0 34 1
4 L 0 28 1
4 D 255 46 1
4 D 255 28 1
5 L 0 53 1
5 L 0 87 1
5 D 261 53 1
6 L 0 34 1
6 L 0 41 1
6 L 0 40 1
6 L 0 56 1
6 D 265 34 1
6 D 265 40 1
7 L 0 60 1
7 L 0 74 1
7 L 0 63 1
7 L 0 35 1
7 D 269 60 1
7 D 269 63 1
8 L 0 35 1
8 L 0 42 1
8 D 273 35 1
9 L 0 19 1
9 L 0 34 1
9 L 0 72 1
9 L 0 39 1
9 L 0 34 1
9 D 277 19 1
9 D 277 72 1
9 D 277 34 1
10 L 0 81 1
10 L 0 43 1
10 L 0 54 1
10 D 280 81 1
10 D 280 54 1
11 L 0 29 1
11 L 0 24 1
11 L 0 53 1
11 L 0 17 1
11 L 0 51 1
11 D 282 29 1
11 D 282 53 1
11 D 282 51 1
12 L 0 80 1
12 L 0 73 1
12 L 0 64 1
12 D 284 80 1
12 D 284 64 1
13 L 0 83 1
13 L 0 55 1
13 L 0 52 1
13 D 286 83 1
13 D 286 52 1
14 L 0 38 1
14 L 0 94 1
14 L 0 35 1
14 D 288 38 1
14 D 288 35 1
15 L 0 69 1
15 L 0 24 1
15 L 0 91 1
15 D 290 69 1
15 D 290 91 1
16 L 0 60 1
16 L 0 29 1
16 D 292 60 1
17 L 0 33 1
17 L 0 32 1
17 L 0 31 1
17 L 0 64 1
17 D 294 33 1
17 D 294 31 1
18 L 0 11 1
18 L 0 10 1
18 L 0 15 1
18 L 0 38 1
18 D 296 11 1
18 D 296 15 1
19 L 0 59 1
19 L 0 43 1
19 L 0 70 1
19 D 298 59 1
19 D 298 70 1
0 L 0 54 1
0 L 0 52 1
0 L 0 19 1
0 D 211 54 1
0 D 211 19 1
1 L 0 45 1
1 L 0 53 1
1 L 0 58 1
1 L 0 72 1
1 D 243 45 1
1 D 243 58 1
2 L 0 58 1
2 L 0 81 1
2 L 0 70 1
2 D 259 58 1
2 D 259 70 1
3 L 0 47 1
3 L 0 50 1
3 L 0 7 1
3 L 0 16 1
3 D 267 47 1
3 D 267 7 1
4 L 0 60 1
4 L 0 11 1
4 L 0 69 1
4 L 0 9 1
4 D 275 60 1
4 D 275 69 1
5 L 0 65 1
5 L 0 42 1
5 L 0 19 1
5 D 281 65 1
5 D 281 19 1
6 L 0 7 1
6 L 0 39 1
6 L 0 60 1
6 D 285 7 1
6 D 285 60 1
7 L 0 63 1
7 L 0 27 1
7 D 289 63 1
8 L 0 56 1
8 L 0 65 1
8 L 0 52 1
8 D 293 56 1
8 D 293 52 1
9 L 0 74 1
9 D 297 74 1
10 L 0 21 1
10 L 0 28 1
10 L 0 33 1
10 D 300 21 1
10 D 300 33 1
11 L 0 75 1
11 L 0 75 1
11 L 0 46 1
11 D 302 75 1
11 D 302 46 1
12 L 0 77 1
12 L 0 30 1
12 L 0 37 1
12 L 0 22 1
12 L 0 68 1
12 D 304 77 1
12 D 304 37 1
12 D 304 68 1
13 L 0 35 1
13 L 0 54 1
13 L 0 57 1
13 D 306 35 1
13 D 306 57 1
14 L 0 13 1
14 L 0 67 1
14 L 0 60 1
14 L 0 62 1
14 D 308 13 1
14 D 308 60 1
15 L 0 30 1
15 L 0 27 1
15 L 0 19 1
15 L 0 22 1
15 D 310 30 1
15 D 310 19 1
16 L 0 80 1
16 L 0 68 1
16 L 0 58 1
16 D 312 80 1
16 D 312 58 1
17 L 0 55 1
17 L 0 38 1
17 L 0 10 1
17 L 0 78 1
17 D 314 55 1
17 D 314 10 1
18 L 0 46 1
18 L 0 53 1
18 L 0 48 1
18 L 0 36 1
18 L 0 75 1
18 L 0 55 1
18 D 316 46 1
18 D 316 48 1
18 D 316 75 1
19 L 0 40 1
19 L 0 76 1
19 L 0 36 1
19 L 0 61 1
19 D 318 40 1
19 D 318 36 1
0 L 0 77 1
0 D 231 77 1
1 L 0 91 1
1 L 0 46 1
1 L 0 28 1
1 L 0 23 1
1 L 0 57 1
1 D 263 91 1
1 D 263 28 1
1 D 263 57 1
2 L 0 51 1
2 L 0 67 1
2 L 0 34 1
2 L 0 44 1
2 D 279 51 1
2 D 279 34 1
3 L 0 63 1
3 L 0 47 1
3 L 0 74 1
3 L 0 57 1
3 D 287 63 1
3 D 287 74 1
4 L 0 68 1
4 L 0 33 1
4 L 0 61 1
4 L 0 67 1
4 L 0 90 1
4 D 295 68 1
4 D 295 61 1
4 D 295 90 1
5 L 0 47 1
5 L 0 54 1
5 L 0 23 1
5 L 0 90 1
5 D 301 47 1
5 D 301 23 1
6 L 0 48 1
6 L 0 35 1
6 D 305 48 1
7 L 0 15 1
7 L 0 80 1
7 L 0 53 1
7 L 0 15 1
7 L 0 12 1
7 D 309 15 1
7 D 309 53 1
7 D 309 12 1
8 L 0 40 1
8 L 0 93 1
8 L 0 5 1
8 L 0 17 1
8 D 313 40 1
8 D 313 5 1
9 L 0 79 1
9 L 0 45 1
9 L 0 36 1
9 L 0 29 1
9 D 317 79 1
9 D 317 36 1
10 L 0 74 1
10 L 0 63 1
10 D 320 74 1
11 L 0 31 1
11 L 0 88 1
11 L 0 42 1
11 L 0 81 1
11 D 322 31 1
11 D 322 42 1
12 L 0 37 1
12 L 0 51 1
12 L 0 73 1
12 D 324 37 1
12 D 324 73 1
13 L 0 12 1
13 D 326 12 1
14 L 0 73 1
14 L 0 89 1
14 D 328 73 1
15 L 0 26 1
15 L 0 54 1
15 L 0 38 1
15 D 330 26 1
15 D 330 38 1
16 L 0 52 1
16 L 0 29 1
16 L 0 45 1
16 D 332 52 1
16 D 332 45 1
17 L 0 46 1
17 L 0 73 1
17 L 0 34 1
17 D 334 46 1
17 D 334 34 1
18 L 0 48 1
18 L 0 35 1
18 L 0 49 1
18 D 336 48 1
18 D 336 49 1
19 L 0 36 1
19 D 338 36 1
0 L 0 23 1
0 L 0 50 1
0 L 0 46 1
0 D 251 23 1
0 D 251 46 1
1 L 0 66 1
1 L 0 54 1
1 L 0 32 1
1 L 0 37 1
1 L 0 52 1
1 D 283 66 1
1 D 283 32 1
1 D 283 52 1
2 L 0 20 1
2 L 0 56 1
2 L 0 34 1
2 L 0 52 1
2 L 0 21 1
2 D 299 20 1
2 D 299 34 1
2 D 299 21 1
3 L 0 81 1
3 L 0 64 1
3 L 0 85 1
3 L 0 69 1
3 D 307 81 1
3 D 307 85 1
4 L 0 24 1
4 L 0 63 1
4 L 0 44 1
4 L 0 28 1
4 D 315 24 1
4 D 315 44 1
5 L 0 53 1
5 L 0 47 1
5 L 0 18 1
5 L 0 59 1
5 D 321 53 1
5 D 321 18 1
6 L 0 27 1
6 L 0 74 1
6 L 0 20 1
6 L 0 71 1
6 D 325 27 1
6 D 325 20 1
7 L 0 19 1
7 L 0 45 1
7 L 0 51 1
7 D 329 19 1
7 D 329 51 1
8 L 0 25 1
8 L 0 78 1
8 L 0 33 1
8 D 333 25 1
8 D 333 33 1
9 L 0 52 1
9 L 0 26 1
9 L 0 39 1
9 D 337 52 1
9 D 337 39 1
10 L 0 41 1
10 L 0 21 1
10 L 0 13 1
10 D 340 41 1
10 D 340 13 1
11 L 0 33 1
11 L 0 80 1
11 L 0 55 1
11 D 342 33 1
11 D 342 55 1
12 L 0 50 1
12 L 0 60 1
12 L 0 34 1
12 D 344 50 1
12 D 344 34 1
13 L 0 56 1
13 L 0 49 1
13 L 0 39 1
13 L 0 55 1
13 D 346 56 1
13 D 346 39 1
14 L 0 33 1
14 L 0 56 1
14 D 348 33 1
15 L 0 61 1
15 L 0 40 1
15 L 0 40 1
15 L 0 51 1
15 L 0 57 1
15 L 0 43 1
15 L 0 32 1
15 D 350 61 1
15 D 350 40 1
15 D 350 57 1
15 D 350 32 1
16 L 0 81 1
16 L 0 80 1
16 D 352 81 1
17 L 0 47 1
17 L 0 31 1
17 L 0 50 1
17 L 0 63 1
17 D 354 47 1
17 D 354 50 1
18 L 0 36 1
18 L 0 23 1
18 D 356 36 1
19 L 0 54 1
19 L 0 51 1
19 L 0 67 1
19 L 0 46 1
19 L 0 12 1
19 D 358 54 1
19 D 358 67 1
19 D 358 12 1
0 L 0 20 1
0 L 0 47 1
0 L 0 79 1
0 L 0 54 1
0 L 0 75 1
0 D 271 20 1
0 D 271 79 1
0 D 271 75 1
1 L 0 8 1
1 L 0 46 1
1 L 0 32 1
1 L 0 36 1
1 D 303 8 1
1 D 303 32 1
2 L 0 62 1
2 L 0 85 1
2 L 0 38 1
2 D 319 62 1
2 D 319 38 1
3 L 0 86 1
3 L 0 79 1
3 L 0 36 1
3 D 327 86 1
3 D 327 36 1
4 L 0 63 1
4 L 0 59 1
4 L 0 65 1
4 D 335 63 1
4 D 335 65 1
5 L 0 33 1
5 L 0 58 1
5 L 0 82 1
5 D 341 33 1
5 D 341 82 1
6 L 0 20 1
6 L 0 29 1
6 L 0 62 1
6 L 0 43 1
6 D 345 20 1
6 D 345 62 1
7 L 0 7 1
7 L 0 35 1
7 L 0 74 1
7 D 349 7 1
7 D 349 74 1
8 L 0 27 1
8 L 0 36 1
8 L 0 69 1
8 L 0 40 1
8 L 0 53 1
8 D 353 27 1
8 D 353 69 1
8 D 353 53 1
9 L 0 27 1
9 L 0 15 1
9 L 0 14 1
9 L 0 39 1
9 D 357 27 1
9 D 357 14 1
10 L 0 10 1
10 L 0 74 1
10 L 0 45 1
10 L 0 68 1
10 D 360 10 1
10 D 360 45 1
11 L 0 77 1
11 L 0 25 1
11 L 0 62 1
11 L 0 60 1
11 D 362 77 1
11 D 362 62 1
12 L 0 62 1
12 L 0 25 1
12 L 0 49 1
12 L 0 92 1
12 D 364 62 1
12 D 364 49 1
13 L 0 19 1
13 L 0 29 1
13 D 366 19 1
14 L 0 21 1
14 L 0 50 1
14 L 0 88 1
14 D 368 21 1
14 D 368 88 1
15 L 0 25 1
15 L 0 17 1
15 L 0 38 1
15 D 370 25 1
15 D 370 38 1
16 L 0 52 1
16 L 0 32 1
16 L 0 85 1
16 D 372 52 1
16 D 372 85 1
17 L 0 60 1
17 L 0 32 1
17 L 0 72 1
17 L 0 67 1
17 D 374 60 1
17 D 374 72 1
18 L 0 35 1
18 L 0 46 1
18 L 0 38 1
18 D 376 35 1
18 D 376 38 1
19 L 0 40 1
19 L 0 53 1
19 L 0 22 1
19 L 0 34 1
19 D 378 40 1
19 D 378 22 1
0 L 0 77 1
0 L 0 42 1
0 L 0 33 1
0 L 0 45 1
0 D 291 77 1
0 D 291 33 1
1 L 0 14 1
1 L 0 35 1
1 D 323 14 1
2 L 0 57 1
2 L 0 72 1
2 L 0 21 1
2 L 0 33 1
2 D 339 57 1
2 D 339 21 1
3 L 0 90 1
3 L 0 21 1
3 L 0 23 1
3 L 0 66 1
3 D 347 90 1
3 D 347 23 1
4 L 0 77 1
4 L 0 52 1
4 L 0 7 1
4 D 355 77 1
4 D 355 7 1
5 L 0 68 1
5 L 0 72 1
5 L 0 54 1
5 L 0 89 1
5 D 361 68 1
5 D 361 54 1
6 L 0 80 1
6 L 0 26 1
6 D 365 80 1
7 L 0 82 1
7 L 0 76 1
7 L 0 41 1
7 D 369 82 1
7 D 369 41 1
8 L 0 65 1
8 L 0 48 1
8 L 0 53 1
8 L 0 39 1
8 L 0 70 1
8 D 373 65 1
8 D 373 53 1
8 D 373 70 1
9 L 0 33 1
9 L 0 35 1
9 L 0 40 1
9 L 0 62 1
9 D 377 33 1
9 D 377 40 1
10 L 0 74 1
10 L 0 46 1
10 L 0 20 1
10 L 0 51 1
10 D 380 74 1
10 D 380 20 1
11 L 0 59 1
11 L 0 47 1
11 L 0 67 1
11 L 0 53 1
11 D 382 59 1
11 D 382 67 1
12 L 0 92 1
12 L 0 20 1
12 L 0 72 1
12 D 384 92 1
12 D 384 72 1
13 L 0 37 1
13 L 0 22 1
13 L 0 71 1
13 L 0 42 1
13 L 0 32 1
13 D 386 37 1
13 D 386 71 1
13 D 386 32 1
14 L 0 39 1
14 L 0 42 1
14 L 0 19 1
14 L 0 67 1
14 L 0 59 1
14 D 388 39 1
14 D 388 19 1
14 D 388 59 1
15 L 0 83 1
15 L 0 53 1
15 L 0 68 1
15 D 390 83 1
15 D 390 68 1
16 L 0 58 1
16 L 0 52 1
16 L 0 51 1
16 D 392 58 1
16 D 392 51 1
17 L 0 52 1
17 L 0 41 1
17 L 0 54 1
17 D 394 52 1
17 D 394 54 1
18 L 0 18 1
18 L 0 32 1
18 D 396 18 1
19 L 0 44 1
19 L 0 32 1
19 L 0 67 1
19 D 398 44 1
19 D 398 67 1
0 L 0 16 1
0 L 0 28 1
0 L 0 48 1
0 L 0 54 1
0 D 311 16 1
0 D 311 48 1
1 L 0 32 1
1 L 0 84 1
1 L 0 14 1
1 D 343 32 1
1 D 343 14 1
2 L 0 45 1
2 L 0 42 1
2 L 0 40 1
2 D 359 45 1
2 D 359 40 1
3 L 0 66 1
3 L 0 40 1
3 D 367 66 1
4 L 0 84 1
4 L 0 59 1
4 L 0 33 1
4 L 0 33 1
4 L 0 79 1
4 D 375 84 1
4 D 375 33 1
4 D 375 79 1
5 L 0 83 1
5 L 0 44 1
5 L 0 37 1
5 L 0 57 1
5 D 381 83 1
5 D 381 37 1
6 L 0 74 1
6 L 0 21 1
6 L 0 70 1
6 L 0 66 1
6 D 385 74 1
6 D 385 70 1
7 L 0 27 1
7 L 0 20 1
7 L 0 28 1
7 L 0 62 1
7 D 389 27 1
7 D 389 28 1
8 L 0 11 1
8 L 0 50 1
8 L 0 45 1
8 L 0 60 1
8 D 393 11 1
8 D 393 45 1
9 L 0 21 1
9 L 0 57 1
9 D 397 21 1
10 L 0 76 1
10 L 0 20 1
10 D 400 76 1
11 L 0 9 1
11 L 0 80 1
11 L 0 41 1
11 L 0 9 1
11 D 402 9 1
11 D 402 41 1
12 L 0 27 1
12 L 0 14 1
12 L 0 65 1
12 D 404 27 1
12 D 404 65 1
13 L 0 21 1
13 L 0 64 1
13 L 0 39 1
13 L 0 75 1
13 D 406 21 1
13 D 406 39 1
14 L 0 29 1
14 L 0 48 1
14 L 0 70 1
14 L 0 81 1
14 D 408 29 1
14 D 408 70 1
15 L 0 37 1
15 L 0 70 1
15 L 0 90 1
15 L 0 79 1
15 D 410 37 1
15 D 410 90 1
16 L 0 19 1
16 L 0 20 1
16 L 0 8 1
16 D 412 19 1
16 D 412 8 1
17 L 0 82 1
17 L 0 41 1
17 L 0 80 1
17 L 0 79 1
17 D 414 82 1
17 D 414 80 1
18 L 0 36 1
18 L 0 55 1
18 L 0 73 1
18 L 0 69 1
18 L 0 57 1
18 D 416 36 1
18 D 416 73 1
18 D 416 57 1
19 L 0 38 1
19 L 0 66 1
19 L 0 41 1
19 L 0 73 1
19 D 418 38 1
19 D 418 41 1
0 L 0 66 1
0 L 0 65 1
0 L 0 49 1
0 D 331 66 1
0 D 331 49 1
1 L 0 8 1
1 L 0 23 1
1 L 0 22 1
1 L 0 64 1
1 D 363 8 1
1 D 363 22 1
2 L 0 78 1
2 L 0 61 1
2 L 0 42 1
2 D 379 78 1
2 D 379 42 1
3 L 0 57 1
3 L 0 66 1
3 D 387 57 1
4 L 0 22 1
4 L 0 49 1
4 L 0 41 1
4 D 395 22 1
4 D 395 41 1
5 L 0 8 1
5 L 0 20 1
5 L 0 10 1
5 L 0 89 1
5 L 0 47 1
5 D 401 8 1
5 D 401 10 1
5 D 401 47 1
6 L 0 25 1
6 L 0 43 1
6 L 0 73 1
6 D 405 25 1
6 D 405 73 1
7 L 0 43 1
7 L 0 50 1
7 L 0 20 1
7 L 0 34 1
7 L 0 65 1
7 D 409 43 1
7 D 409 20 1
7 D 409 65 1
8 L 0 47 1
8 L 0 33 1
8 L 0 37 1
8 L 0 46 1
8 D 413 47 1
8 D 413 37 1
9 L 0 36 1
9 L 0 67 1
9 L 0 16 1
9 D 417 36 1
9 D 417 16 1
10 L 0 51 1
10 L 0 60 1
10 L 0 65 1
10 D 420 51 1
10 D 420 65 1
11 L 0 88 1
11 L 0 36 1
11 L 0 38 1
11 L 0 64 1
11 D 422 88 1
11 D 422 38 1
12 L 0 19 1
12 L 0 50 1
12 L 0 36 1
12 L 0 45 1
12 D 424 19 1
12 D 424 36 1
13 L 0 19 1
13 L 0 63 1
13 L 0 55 1
13 D 426 19 1
13 D 426 55 1
14 L 0 32 1
14 L 0 71 1
14 L 0 19 1
14 D 428 32 1
14 D 428 19 1
15 L 0 44 1
15 L 0 33 1
15 L 0 61 1
15 D 430 44 1
15 D 430 61 1
16 L 0 32 1
16 L 0 41 1
16 L 0 44 1
16 L 0 36 1
16 D 432 32 1
16 D 432 44 1
17 L 0 47 1
17 L 0 44 1
17 L 0 51 1
17 D 434 47 1
17 D 434 51 1
18 L 0 47 1
18 L 0 39 1
18 L 0 35 1
18 L 0 92 1
18 L 0 18 1
18 D 436 47 1
18 D 436 35 1
18 D 436 18 1
19 L 0 51 1
19 L 0 41 1
19 L 0 52 1
19 L 0 20 1
19 L 0 56 1
19 D 438 51 1
19 D 438 52 1
19 D 438 56 1
0 L 0 74 1
0 L 0 61 1
0 L 0 73 1
0 D 351 74 1
0 D 351 73 1
1 L 0 91 1
1 L 0 80 1
1 L 0 7 1
1 L 0 57 1
1 D 383 91 1
1 D 383 7 1
2 L 0 75 1
2 L 0 50 1
2 L 0 33 1
2 L 0 69 1
2 D 399 75 1
2 D 399 33 1
3 L 0 78 1
3 L 0 84 1
3 L 0 82 1
3 L 0 10 1
3 D 407 78 1
3 D 407 82 1
4 L 0 63 1
4 L 0 81 1
4 D 415 63 1
5 L 0 35 1
5 L 0 61 1
5 L 0 30 1
5 D 421 35 1
5 D 421 30 1
6 L 0 29 1
6 L 0 37 1
6 L 0 41 1
6 L 0 56 1
6 L 0 30 1
6 L 0 39 1
6 D 425 29 1
6 D 425 41 1
6 D 425 30 1
7 L 0 55 1
7 L 0 55 1
7 L 0 64 1
7 D 429 55 1
7 D 429 64 1
8 L 0 56 1
8 L 0 59 1
8 D 433 56 1
9 L 0 21 1
9 L 0 49 1
9 L 0 64 1
9 D 437 21 1
9 D 437 64 1
10 L 0 74 1
10 L 0 55 1
10 L 0 72 1
10 D 440 74 1
10 D 440 72 1
11 L 0 18 1
11 L 0 76 1
11 L 0 68 1
11 L 0 11 1
11 L 0 39 1
11 D 442 18 1
11 D 442 68 1
11 D 442 39 1
12 L 0 39 1
12 L 0 88 1
12 L 0 79 1
12 D 444 39 1
12 D 444 79 1
13 L 0 8 1
13 L 0 41 1
13 L 0 24 1
13 L 0 14 1
13 D 446 8 1
13 D 446 24 1
14 L 0 64 1
14 L 0 55 1
14 L 0 29 1
14 D 448 64 1
14 D 448 29 1
15 L 0 53 1
15 L 0 76 1
15 L 0 63 1
15 L 0 51 1
15 D 450 53 1
15 D 450 63 1
16 L 0 29 1
16 L 0 88 1
16 L 0 47 1
16 L 0 71 1
16 L 0 40 1
16 D 452 29 1
16 D 452 47 1
16 D 452 40 1
17 L 0 39 1
17 L 0 20 1
17 L 0 48 1
17 L 0 33 1
17 L 0 36 1
17 D 454 39 1
17 D 454 48 1
17 D 454 36 1
18 L 0 68 1
18 L 0 66 1
18 L 0 31 1
18 D 456 68 1
18 D 456 31 1
19 L 0 9 1
19 L 0 64 1
19 L 0 23 1
19 L 0 81 1
19 D 458 9 1
19 D 458 23 1
0 L 0 43 1
0 D 371 43 1
1 L 0 58 1
1 L 0 16 1
1 L 0 51 1
1 L 0 43 1
1 L 0 32 1
1 D 403 58 1
1 D 403 51 1
1 D 403 32 1
2 L 0 80 1
2 L 0 56 1
2 L 0 46 1
2 D 419 80 1
2 D 419 46 1
3 L 0 20 1
3 L 0 25 1
3 L 0 21 1
3 D 427 20 1
3 D 427 21 1
4 L 0 34 1
4 L 0 43 1
4 D 435 34 1
5 L 0 33 1
5 L 0 80 1
5 D 441 33 1
6 L 0 21 1
6 L 0 48 1
6 L 0 29 1
6 D 445 21 1
6 D 445 29 1
7 L 0 54 1
7 L 0 55 1
7 D 449 54 1
8 L 0 31 1
8 L 0 42 1
8 L 0 40 1
8 D 453 31 1
8 D 453 40 1
9 L 0 54 1
9 L 0 41 1
9 L 0 56 1
9 L 0 54 1
9 L 0 31 1
9 D 457 54 1
9 D 457 56 1
9 D 457 31 1
10 L 0 31 1
10 L 0 50 1
10 D 460 31 1
11 L 0 16 1
11 L 0 25 1
11 D 462 16 1
12 L 0 51 1
12 L 0 56 1
12 L 0 66 1
12 D 464 51 1
12 D 464 66 1
13 L 0 32 1
13 L 0 63 1
13 D 466 32 1
14 L 0 80 1
14 L 0 32 1
14 L 0 87 1
14 D 468 80 1
14 D 468 87 1
15 L 0 33 1
15 L 0 61 1
15 D 470 33 1
16 L 0 42 1
16 L 0 62 1
16 L 0 72 1
16 D 472 42 1
16 D 472 72 1
17 L 0 31 1
17 L 0 41 1
17 L 0 35 1
17 D 474 31 1
17 D 474 35 1
18 L 0 29 1
18 L 0 61 1
18 L 0 10 1
18 L 0 42 1
18 D 476 29 1
18 D 476 10 1
19 L 0 14 1
19 L 0 65 1
19 D 478 14 1
0 L 0 20 1
0 L 0 61 1
0 L 0 86 1
0 D 391 20 1
0 D 391 86 1
1 L 0 69 1
1 L 0 15 1
1 L 0 43 1
1 L 0 39 1
1 D 423 69 1
1 D 423 43 1
2 L 0 80 1
2 L 0 34 1
2 L 0 38 1
2 D 439 80 1
2 D 439 38 1
3 L 0 28 1
3 L 0 31 1
3 L 0 62 1
3 D 447 28 1
3 D 447 62 1
4 L 0 89 1
4 L 0 67 1
4 D 455 89 1
5 L 0 52 1
5 L 0 56 1
5 L 0 45 1
5 D 461 52 1
5 D 461 45 1
6 L 0 21 1
6 D 465 21 1
7 L 0 47 1
7 L 0 86 1
7 L 0 52 1
7 D 469 47 1
7 D 469 52 1
8 L 0 82 1
8 L 0 79 1
8 L 0 87 1
8 L 0 65 1
8 L 0 64 1
8 D 473 82 1
8 D 473 87 1
8 D 473 64 1
9 L 0 37 1
9 L 0 68 1
9 L 0 15 1
9 D 477 37 1
9 D 477 15 1
10 L 0 36 1
10 L 0 39 1
10 L 0 11 1
10 D 480 36 1
10 D 480 11 1
11 L 0 40 1
11 L 0 55 1
11 L 0 46 1
11 D 482 40 1
11 D 482 46 1
12 L 0 66 1
12 L 0 26 1
12 L 0 56 1
12 L 0 30 1
12 D 484 66 1
12 D 484 56 1
13 L 0 75 1
13 L 0 27 1
13 L 0 73 1
13 D 486 75 1
13 D 486 73 1
14 L 0 18 1
14 L 0 74 1
14 L 0 62 1
14 D 488 18 1
14 D 488 62 1
15 L 0 53 1
15 L 0 21 1
15 L 0 35 1
15 D 490 53 1
15 D 490 35 1
16 L 0 26 1
16 L 0 86 1
16 L 0 9 1
16 D 492 26 1
16 D 492 9 1
17 L 0 46 1
17 L 0 74 1
17 L 0 68 1
17 L 0 39 1
17 D 494 46 1
17 D 494 68 1
18 L 0 17 1
18 L 0 70 1
18 L 0 90 1
18 L 0 65 1
18 D 496 17 1
18 D 496 90 1
19 L 0 77 1
19 L 0 75 1
19 L 0 31 1
19 D 498 77 1
19 D 498 31 1
0 L 0 59 1
0 L 0 49 1
0 L 0 49 1
0 D 411 59 1
0 D 411 49 1
1 L 0 27 1
1 L 0 36 1
1 L 0 45 1
1 L 0 15 1
1 D 443 27 1
1 D 443 45 1
2 L 0 56 1
2 L 0 39 1
2 L 0 91 1
2 L 0 35 1
2 D 459 56 1
2 D 459 91 1
3 L 0 15 1
3 L 0 54 1
3 L 0 20 1
3 L 0 48 1
3 D 467 15 1
3 D 467 20 1
4 L 0 42 1
4 L 0 26 1
4 L 0 18 1
4 L 0 60 1
4 D 475 42 1
4 D 475 18 1
5 L 0 57 1
5 L 0 31 1
5 L 0 51 1
5 L 0 31 1
5 D 481 57 1
5 D 481 51 1
6 L 0 9 1
6 L 0 63 1
6 L 0 46 1
6 D 485 9 1
6 D 485 46 1
7 L 0 35 1
7 L 0 18 1
7 L 0 19 1
7 L 0 42 1
7 L 0 14 1
7 D 489 35 1
7 D 489 19 1
7 D 489 14 1
8 L 0 40 1
8 L 0 29 1
8 L 0 29 1
8 D 493 40 1
8 D 493 29 1
9 L 0 62 1
9 L 0 22 1
9 L 0 75 1
9 L 0 37 1
9 D 497 62 1
9 D 497 75 1
10 L 0 25 1
10 L 0 81 1
10 L 0 61 1
10 L 0 35 1
10 D 500 25 1
10 D 500 61 1
11 L 0 32 1
11 L 0 21 1
11 L 0 49 1
11 L 0 50 1
11 D 502 32 1
11 D 502 49 1
12 L 0 50 1
12 D 504 50 1
13 L 0 22 1
13 L 0 45 1
13 L 0 58 1
13 L 0 38 1
13 D 506 22 1
13 D 506 58 1
14 L 0 76 1
14 L 0 40 1
14 L 0 38 1
14 L 0 32 1
14 D 508 76 1
14 D 508 38 1
15 L 0 34 1
15 L 0 78 1
15 L 0 40 1
15 D 510 34 1
15 D 510 40 1
16 L 0 41 1
16 L 0 41 1
16 L 0 67 1
16 L 0 44 1
16 L 0 63 1
16 D 512 41 1
16 D 512 67 1
16 D 512 63 1
17 L 0 43 1
17 L 0 51 1
17 D 514 43 1
18 L 0 71 1
18 L 0 67 1
18 L 0 78 1
18 D 516 71 1
18 D 516 78 1
19 L 0 28 1
19 L 0 78 1
19 L 0 77 1
19 D 518 28 1
19 D 518 77 1
0 L 0 57 1
0 L 0 27 1
0 D 431 57 1
1 L 0 44 1
1 L 0 43 1
1 L 0 34 1
1 D 463 44 1
1 D 463 34 1
2 L 0 63 1
2 L 0 38 1
2 D 479 63 1
3 L 0 93 1
3 L 0 51 1
3 D 487 93 1
4 L 0 59 1
4 L 0 26 1
4 L 0 31 1
4 D 495 59 1
4 D 495 31 1
5 L 0 88 1
5 L 0 20 1
5 L 0 51 1
5 L 0 40 1
5 L 0 73 1
5 L 0 15 1
5 D 501 88 1
5 D 501 51 1
5 D 501 73 1
6 L 0 73 1
6 L 0 42 1
6 L 0 41 1
6 D 505 73 1
6 D 505 41 1
7 L 0 36 1
7 L 0 28 1
7 L 0 33 1
7 L 0 62 1
7 L 0 35 1
7 L 0 41 1
7 D 509 36 1
7 D 509 33 1
7 D 509 35 1
8 L 0 63 1
8 L 0 39 1
8 L 0 47 1
8 D 513 63 1
8 D 513 47 1
9 L 0 67 1
9 L 0 59 1
9 D 517 67 1
10 L 0 42 1
10 L 0 52 1
10 L 0 60 1
10 D 520 42 1
10 D 520 60 1
11 L 0 73 1
11 L 0 72 1
11 L 0 56 1
11 D 522 73 1
11 D 522 56 1
12 L 0 36 1
12 L 0 54 1
12 L 0 73 1
12 D 524 36 1
12 D 524 73 1
13 L 0 77 1
13 L 0 58 1
13 D 526 77 1
14 L 0 12 1
14 L 0 31 1
14 L 0 44 1
14 D 528 12 1
14 D 528 44 1
15 L 0 50 1
15 L 0 78 1
15 L 0 34 1
15 L 0 65 1
15 D 530 50 1
15 D 530 34 1
16 L 0 56 1
16 L 0 60 1
16 L 0 38 1
16 L 0 21 1
16 D 532 56 1
16 D 532 38 1
17 L 0 21 1
17 L 0 24 1
17 L 0 64 1
17 L 0 65 1
17 L 0 84 1
17 D 534 21 1
17 D 534 64 1
17 D 534 84 1
18 L 0 71 1
18 L 0 74 1
18 L 0 11 1
18 L 0 61 1
18 D 536 71 1
18 D 536 11 1
19 L 0 34 1
19 L 0 44 1
19 L 0 75 1
19 D 538 34 1
19 D 538 75 1
0 L 0 46 1
0 L 0 61 1
0 L 0 35 1
0 L 0 71 1
0 L 0 45 1
0 D 451 46 1
0 D 451 35 1
0 D 451 45 1
1 L 0 20 1
1 L 0 32 1
1 L 0 70 1
1 D 483 20 1
1 D 483 70 1
2 L 0 65 1
2 L 0 44 1
2 D 499 65 1
3 L 0 64 1
3 L 0 45 1
3 L 0 49 1
3 D 507 64 1
3 D 507 49 1
4 L 0 61 1
4 L 0 40 1
4 L 0 40 1
4 D 515 61 1
4 D 515 40 1
5 L 0 11 1
5 L 0 24 1
5 L 0 45 1
5 L 0 30 1
5 D 521 11 1
5 D 521 45 1
6 L 0 61 1
6 L 0 39 1
6 D 525 61 1
7 L 0 50 1
7 L 0 62 1
7 D 529 50 1
8 L 0 9 1
8 L 0 21 1
8 L 0 41 1
8 D 533 9 1
8 D 533 41 1
9 L 0 32 1
9 L 0 20 1
9 L 0 58 1
9 D 537 32 1
9 D 537 58 1
10 L 0 60 1
10 L 0 5 1
10 L 0 38 1
10 D 540 60 1
10 D 540 38 1
11 L 0 87 1
11 L 0 69 1
11 L 0 78 1
11 D 542 87 1
11 D 542 78 1
12 L 0 37 1
12 L 0 66 1
12 D 544 37 1
13 L 0 60 1
13 L 0 25 1
13 L 0 47 1
13 L 0 53 1
13 L 0 49 1
13 D 546 60 1
13 D 546 47 1
13 D 546 49 1
14 L 0 30 1
14 L 0 70 1
14 L 0 54 1
14 L 0 91 1
14 D 548 30 1
14 D 548 54 1
15 L 0 11 1
15 L 0 67 1
15 D 550 11 1
16 L 0 38 1
16 L 0 55 1
16 D 552 38 1
17 L 0 35 1
17 L 0 13 1
17 L 0 77 1
17 L 0 62 1
17 D 554 35 1
17 D 554 77 1
18 L 0 91 1
18 L 0 42 1
18 L 0 51 1
18 D 556 91 1
18 D 556 51 1
19 L 0 16 1
19 L 0 11 1
19 L 0 54 1
19 L 0 36 1
19 D 558 16 1
19 D 558 54 1
0 L 0 46 1
0 L 0 48 1
0 L 0 48 1
0 L 0 39 1
0 D 471 46 1
0 D 471 48 1
1 L 0 34 1
1 D 503 34 1
2 L 0 35 1
2 L 0 24 1
2 L 0 65 1
2 L 0 38 1
2 D 519 35 1
2 D 519 65 1
3 L 0 61 1
3 L 0 50 1
3 L 0 33 1
3 L 0 17 1
3 D 527 61 1
3 D 527 33 1
4 L 0 81 1
4 L 0 34 1
4 L 0 77 1
4 D 535 81 1
4 D 535 77 1
5 L 0 69 1
5 L 0 89 1
5 L 0 39 1
5 L 0 37 1
5 D 541 69 1
5 D 541 39 1
6 L 0 77 1
6 L 0 19 1
6 D 545 77 1
7 L 0 16 1
7 L 0 41 1
7 L 0 65 1
7 D 549 16 1
7 D 549 65 1
8 L 0 31 1
8 L 0 29 1
8 L 0 46 1
8 L 0 21 1
8 L 0 80 1
8 D 553 31 1
8 D 553 46 1
8 D 553 80 1
9 L 0 18 1
9 L 0 69 1
9 L 0 71 1
9 L 0 40 1
9 D 557 18 1
9 D 557 71 1
10 L 0 59 1
10 L 0 83 1
10 L 0 48 1
10 D 560 59 1
10 D 560 48 1
11 L 0 38 1
11 L 0 30 1
11 L 0 14 1
11 D 562 38 1
11 D 562 14 1
12 L 0 80 1
12 L 0 72 1
12 L 0 50 1
12 L 0 43 1
12 L 0 19 1
12 L 0 43 1
12 D 564 80 1
12 D 564 50 1
12 D 564 19 1
13 L 0 66 1
13 L 0 50 1
13 L 0 69 1
13 L 0 35 1
13 L 0 87 1
13 L 0 35 1
13 D 566 66 1
13 D 566 69 1
13 D 566 87 1
14 L 0 31 1
14 D 568 31 1
15 L 0 58 1
15 L 0 6 1
15 L 0 29 1
15 D 570 58 1
15 D 570 29 1
16 L 0 24 1
16 L 0 49 1
16 L 0 28 1
16 L 0 62 1
16 D 572 24 1
16 D 572 28 1
17 L 0 63 1
17 L 0 48 1
17 L 0 36 1
17 L 0 49 1
17 D 574 63 1
17 D 574 36 1
18 L 0 73 1
18 L 0 68 1
18 L 0 61 1
18 L 0 49 1
18 D 576 73 1
18 D 576 61 1
19 L 0 58 1
19 L 0 86 1
19 L 0 34 1
19 L 0 56 1
19 L 0 46 1
19 D 578 58 1
19 D 578 34 1
19 D 578 46 1
0 L 0 62 1
0 L 0 59 1
0 L 0 59 1
0 D 491 62 1
0 D 491 59 1
1 L 0 35 1
1 L 0 33 1
1 L 0 32 1
1 D 523 35 1
1 D 523 32 1
2 L 0 53 1
2 L 0 25 1
2 L 0 68 1
2 L 0 50 1
2 D 539 53 1
2 D 539 68 1
3 L 0 30 1
3 L 0 87 1
3 L 0 44 1
3 L 0 88 1
3 D 547 30 1
3 D 547 44 1
4 L 0 85 1
4 L 0 54 1
4 L 0 38 1
4 D 555 85 1
4 D 555 38 1
5 L 0 61 1
5 L 0 45 1
5 L 0 39 1
5 D 561 61 1
5 D 561 39 1
6 L 0 15 1
6 L 0 37 1
6 L 0 19 1
6 L 0 37 1
6 L 0 35 1
6 D 565 15 1
6 D 565 19 1
6 D 565 35 1
7 L 0 15 1
7 L 0 34 1
7 L 0 21 1
7 L 0 78 1
7 L 0 55 1
7 D 569 15 1
7 D 569 21 1
7 D 569 55 1
8 L 0 39 1
8 L 0 63 1
8 L 0 24 1
8 L 0 63 1
8 D 573 39 1
8 D 573 24 1
9 L 0 25 1
9 L 0 40 1
9 L 0 65 1
9 D 577 25 1
9 D 577 65 1
10 L 0 50 1
10 L 0 87 1
10 L 0 76 1
10 L 0 67 1
10 L 0 52 1
10 D 580 50 1
10 D 580 76 1
10 D 580 52 1
11 L 0 36 1
11 L 0 68 1
11 L 0 50 1
11 L 0 30 1
11 L 0 73 1
11 D 582 36 1
11 D 582 50 1
11 D 582 73 1
12 L 0 24 1
12 L 0 79 1
12 L 0 49 1
12 L 0 18 1
12 L 0 10 1
12 D 584 24 1
12 D 584 49 1
12 D 584 10 1
13 L 0 40 1
13 L 0 43 1
13 L 0 26 1
13 L 0 47 1
13 D 586 40 1
13 D 586 26 1
14 L 0 36 1
14 L 0 69 1
14 L 0 38 1
14 L 0 35 1
14 D 588 36 1
14 D 588 38 1
15 L 0 16 1
15 L 0 29 1
15 L 0 46 1
15 L 0 24 1
15 L 0 33 1
15 D 590 16 1
15 D 590 46 1
15 D 590 33 1
16 L 0 64 1
16 L 0 68 1
16 L 0 59 1
16 L 0 36 1
16 D 592 64 1
16 D 592 59 1
17 L 0 7 1
17 L 0 19 1
17 L 0 47 1
17 L 0 64 1
17 D 594 7 1
17 D 594 47 1
18 L 0 26 1
18 L 0 38 1
18 L 0 33 1
18 L 0 48 1
18 D 596 26 1
18 D 596 33 1
19 L 0 15 1
19 L 0 38 1
19 L 0 90 1
19 L 0 7 1
19 D 598 15 1
19 D 598 90 1
0 L 0 71 1
0 L 0 44 1
0 L 0 10 1
0 D 511 71 1
0 D 511 10 1
1 L 0 34 1
1 L 0 23 1
1 L 0 84 1
1 D 543 34 1
1 D 543 84 1
2 L 0 66 1
2 D 559 66 1
3 L 0 37 1
3 L 0 15 1
3 L 0 40 1
3 L 0 26 1
3 D 567 37 1
3 D 567 40 1
4 L 0 16 1
4 L 0 60 1
4 L 0 15 1
4 D 575 16 1
4 D 575 15 1
5 L 0 49 1
5 L 0 11 1
5 L 0 79 1
5 D 581 49 1
5 D 581 79 1
6 L 0 16 1
6 L 0 46 1
6 L 0 49 1
6 L 0 27 1
6 D 585 16 1
6 D 585 49 1
7 L 0 83 1
7 L 0 53 1
7 D 589 83 1
8 L 0 14 1
8 L 0 58 1
8 L 0 32 1
8 D 593 14 1
8 D 593 32 1
9 L 0 83 1
9 L 0 72 1
9 L 0 22 1
9 D 597 83 1
9 D 597 22 1
10 L 0 42 1
10 L 0 64 1
10 D 600 42 1
11 L 0 65 1
11 L 0 47 1
11 L 0 28 1
11 L 0 62 1
11 D 602 65 1
11 D 602 28 1
12 L 0 49 1
12 L 0 47 1
12 L 0 9 1
12 L 0 56 1
12 D 604 49 1
12 D 604 9 1
13 L 0 46 1
13 L 0 58 1
13 L 0 31 1
13 L 0 11 1
13 D 606 46 1
13 D 606 31 1
14 L 0 41 1
14 L 0 53 1
14 L 0 50 1
14 L 0 53 1
14 D 608 41 1
14 D 608 50 1
15 L 0 57 1
15 L 0 39 1
15 L 0 82 1
15 L 0 60 1
15 D 610 57 1
15 D 610 82 1
16 L 0 90 1
16 L 0 73 1
16 L 0 16 1
16 L 0 49 1
16 D 612 90 1
16 D 612 16 1
17 L 0 66 1
17 L 0 82 1
17 L 0 87 1
17 L 0 64 1
17 D 614 66 1
17 D 614 87 1
18 L 0 34 1
18 L 0 74 1
18 L 0 90 1
18 D 616 34 1
18 D 616 90 1
19 L 0 47 1
19 L 0 77 1
19 L 0 73 1
19 D 618 47 1
19 D 618 73 1
0 L 0 24 1
0 D 531 24 1
1 L 0 88 1
1 L 0 16 1
1 L 0 72 1
1 L 0 31 1
1 D 563 88 1
1 D 563 72 1
2 L 0 61 1
2 L 0 41 1
2 L 0 54 1
2 D 579 61 1
2 D 579 54 1
3 L 0 55 1
3 L 0 63 1
3 D 587 55 1
4 L 0 32 1
4 L 0 46 1
4 L 0 40 1
4 L 0 61 1
4 D 595 32 1
4 D 595 40 1
5 L 0 24 1
5 L 0 64 1
5 D 601 24 1
6 L 0 18 1
6 L 0 22 1
6 L 0 44 1
6 D 605 18 1
6 D 605 44 1
7 L 0 47 1
7 L 0 92 1
7 D 609 47 1
8 L 0 41 1
8 L 0 73 1
8 L 0 33 1
8 D 613 41 1
8 D 613 33 1
9 L 0 18 1
9 L 0 51 1
9 L 0 63 1
9 L 0 60 1
9 D 617 18 1
9 D 617 63 1
10 L 0 42 1
10 L 0 79 1
10 L 0 31 1
10 L 0 76 1
10 D 620 42 1
10 D 620 31 1
11 L 0 31 1
11 L 0 35 1
11 L 0 48 1
11 D 622 31 1
11 D 622 48 1
12 L 0 20 1
12 L 0 63 1
12 D 624 20 1
13 L 0 28 1
13 L 0 65 1
13 L 0 33 1
13 L 0 23 1
13 L 0 70 1
13 D 626 28 1
13 D 626 33 1
13 D 626 70 1
14 L 0 20 1
14 L 0 63 1
14 L 0 55 1
14 L 0 62 1
14 D 628 20 1
14 D 628 55 1
15 L 0 85 1
15 L 0 26 1
15 L 0 59 1
15 L 0 79 1
15 D 630 85 1
15 D 630 59 1
16 L 0 30 1
16 L 0 28 1
16 L 0 9 1
16 D 632 30 1
16 D 632 9 1
17 L 0 60 1
17 L 0 34 1
17 L 0 19 1
17 D 634 60 1
17 D 634 19 1
18 L 0 33 1
18 L 0 67 1
18 L 0 54 1
18 D 636 33 1
18 D 636 54 1
19 L 0 49 1
19 L 0 49 1
19 L 0 86 1
19 D 638 49 1
19 D 638 86 1
0 L 0 37 1
0 L 0 43 1
0 D 551 37 1
1 L 0 17 1
1 L 0 59 1
1 D 583 17 1
2 L 0 63 1
2 L 0 31 1
2 L 0 57 1
2 D 599 63 1
2 D 599 57 1
3 L 0 49 1
3 L 0 54 1
3 L 0 30 1
3 L 0 63 1
3 L 0 42 1
3 D 607 49 1
3 D 607 30 1
3 D 607 42 1
4 L 0 15 1
4 L 0 24 1
4 L 0 37 1
4 L 0 20 1
4 L 0 19 1
4 D 615 15 1
4 D 615 37 1
4 D 615 19 1
5 L 0 53 1
5 L 0 51 1
5 D 621 53 1
6 L 0 59 1
6 L 0 36 1
6 L 0 38 1
6 L 0 14 1
6 D 625 59 1
6 D 625 38 1
7 L 0 64 1
7 L 0 75 1
7 L 0 39 1
7 D 629 64 1
7 D 629 39 1
8 L 0 82 1
8 L 0 47 1
8 L 0 49 1
8 L 0 20 1
8 D 633 82 1
8 D 633 49 1
9 L 0 72 1
9 L 0 43 1
9 L 0 57 1
9 L 0 44 1
9 D 637 72 1
9 D 637 57 1
10 L 0 18 1
10 L 0 30 1
10 D 640 18 1
11 L 0 19 1
11 L 0 54 1
11 L 0 37 1
11 L 0 51 1
11 D 642 19 1
11 D 642 37 1
12 L 0 54 1
12 L 0 56 1
12 L 0 60 1
12 D 644 54 1
12 D 644 60 1
13 L 0 50 1
13 L 0 53 1
13 D 646 50 1
14 L 0 54 1
14 L 0 64 1
14 L 0 62 1
14 L 0 45 1
14 L 0 55 1
14 D 648 54 1
14 D 648 62 1
14 D 648 55 1
15 L 0 67 1
15 L 0 43 1
15 L 0 11 1
15 L 0 30 1
15 L 0 43 1
15 D 650 67 1
15 D 650 11 1
15 D 650 43 1
16 L 0 42 1
16 L 0 40 1
16 L 0 64 1
16 L 0 14 1
16 L 0 78 1
16 D 652 42 1
16 D 652 64 1
16 D 652 78 1
17 L 0 59 1
17 L 0 40 1
17 L 0 27 1
17 L 0 37 1
17 L 0 67 1
17 D 654 59 1
17 D 654 27 1
17 D 654 67 1
18 L 0 33 1
18 L 0 53 1
18 D 656 33 1
19 L 0 37 1
19 L 0 29 1
19 L 0 36 1
19 D 658 37 1
19 D 658 36 1
0 L 0 89 1
0 L 0 41 1
0 L 0 87 1
0 D 571 89 1
0 D 571 87 1
1 L 0 62 1
1 L 0 47 1
1 L 0 89 1
1 L 0 59 1
1 D 603 62 1
1 D 603 89 1
2 L 0 40 1
2 L 0 79 1
2 L 0 46 1
2 D 619 40 1
2 D 619 46 1
3 L 0 13 1
3 L 0 60 1
3 L 0 29 1
3 L 0 27 1
3 L 0 52 1
3 L 0 42 1
3 L 0 57 1
3 D 627 13 1
3 D 627 29 1
3 D 627 52 1
3 D 627 57 1
4 L 0 56 1
4 L 0 17 1
4 L 0 60 1
4 D 635 56 1
4 D 635 60 1
5 L 0 28 1
5 L 0 27 1
5 L 0 73 1
5 L 0 77 1
5 L 0 13 1
5 D 641 28 1
5 D 641 73 1
5 D 641 13 1
6 L 0 48 1
6 L 0 51 1
6 L 0 74 1
6 D 645 48 1
6 D 645 74 1
7 L 0 43 1
7 L 0 48 1
7 L 0 45 1
7 D 649 43 1
7 D 649 45 1
8 L 0 43 1
8 L 0 15 1
8 D 653 43 1
9 L 0 58 1
9 L 0 66 1
9 L 0 33 1
9 L 0 38 1
9 D 657 58 1
9 D 657 33 1
10 L 0 73 1
10 L 0 48 1
10 L 0 44 1
10 L 0 15 1
10 D 660 73 1
10 D 660 44 1
11 L 0 24 1
11 L 0 50 1
11 L 0 28 1
11 L 0 18 1
11 L 0 46 1
11 D 662 24 1
11 D 662 28 1
11 D 662 46 1
12 L 0 81 1
12 L 0 43 1
12 D 664 81 1
13 L 0 47 1
13 L 0 18 1
13 L 0 71 1
13 L 0 39 1
13 D 666 47 1
13 D 666 71 1
14 L 0 31 1
14 L 0 61 1
14 L 0 22 1
14 L 0 19 1
14 D 668 31 1
14 D 668 22 1
15 L 0 69 1
15 L 0 33 1
15 L 0 34 1
15 L 0 62 1
15 D 670 69 1
15 D 670 34 1
16 L 0 81 1
16 L 0 71 1
16 L 0 50 1
16 D 672 81 1
16 D 672 50 1
17 L 0 61 1
17 L 0 32 1
17 L 0 30 1
17 L 0 17 1
17 D 674 61 1
17 D 674 30 1
18 L 0 62 1
18 L 0 21 1
18 L 0 72 1
18 L 0 54 1
18 L 0 12 1
18 D 676 62 1
18 D 676 72 1
18 D 676 12 1
19 L 0 85 1
19 L 0 38 1
19 L 0 39 1
19 L 0 39 1
19 L 0 29 1
19 D 678 85 1
19 D 678 39 1
19 D 678 29 1
0 L 0 9 1
0 L 0 57 1
0 D 591 9 1
1 L 0 58 1
1 L 0 25 1
1 L 0 37 1
1 L 0 52 1
1 D 623 58 1
1 D 623 37 1
2 L 0 77 1
2 L 0 24 1
2 L 0 29 1
2 D 639 77 1
2 D 639 29 1
3 L 0 89 1
3 L 0 89 1
3 D 647 89 1
4 L 0 23 1
4 L 0 35 1
4 L 0 59 1
4 L 0 18 1
4 L 0 68 1
4 D 655 23 1
4 D 655 59 1
4 D 655 68 1
5 L 0 26 1
5 L 0 29 1
5 L 0 86 1
5 L 0 65 1
5 D 661 26 1
5 D 661 86 1
6 L 0 17 1
6 L 0 13 1
6 L 0 30 1
6 L 0 11 1
6 D 665 17 1
6 D 665 30 1
7 L 0 43 1
7 L 0 37 1
7 L 0 42 1
7 D 669 43 1
7 D 669 42 1
8 L 0 15 1
8 L 0 31 1
8 L 0 17 1
8 L 0 39 1
8 D 673 15 1
8 D 673 17 1
9 L 0 34 1
9 L 0 38 1
9 D 677 34 1
10 L 0 76 1
10 L 0 33 1
10 D 680 76 1
11 L 0 48 1
11 L 0 77 1
11 L 0 35 1
11 D 682 48 1
11 D 682 35 1
12 L 0 47 1
12 L 0 19 1
12 L 0 15 1
12 L 0 30 1
12 L 0 46 1
12 D 684 47 1
12 D 684 15 1
12 D 684 46 1
13 L 0 31 1
13 L 0 37 1
13 L 0 60 1
13 L 0 59 1
13 L 0 72 1
13 L 0 27 1
13 D 686 31 1
13 D 686 60 1
13 D 686 72 1
14 L 0 53 1
14 L 0 57 1
14 L 0 18 1
14 D 688 53 1
14 D 688 18 1
15 L 0 68 1
15 L 0 55 1
15 L 0 91 1
15 D 690 68 1
15 D 690 91 1
16 L 0 34 1
16 L 0 9 1
16 L 0 36 1
16 D 692 34 1
16 D 692 36 1
17 L 0 37 1
17 L 0 34 1
17 L 0 23 1
17 L 0 55 1
17 D 694 37 1
17 D 694 23 1
18 L 0 70 1
18 L 0 40 1
18 L 0 52 1
18 L 0 27 1
18 D 696 70 1
18 D 696 52 1
19 L 0 22 1
19 L 0 10 1
19 L 0 76 1
19 L 0 31 1
19 D 698 22 1
19 D 698 76 1
0 L 0 32 1
0 L 0 55 1
0 L 0 52 1
0 L 0 9 1
0 L 0 52 1
0 L 0 54 1
0 L 0 17 1
0 D 611 32 1
0 D 611 52 1
0 D 611 52 1
0 D 611 17 1
1 L 0 53 1
1 L 0 60 1
1 L 0 48 1
1 L 0 76 1
1 L 0 44 1
1 D 643 53 1
1 D 643 48 1
1 D 643 44 1
2 L 0 39 1
2 L 0 71 1
2 L 0 33 1
2 D 659 39 1
2 D 659 33 1
3 L 0 31 1
3 L 0 52 1
3 L 0 88 1
3 D 667 31 1
3 D 667 88 1
4 L 0 29 1
4 L 0 34 1
4 L 0 86 1
4 L 0 39 1
4 D 675 29 1
4 D 675 86 1
5 L 0 79 1
5 L 0 75 1
5 D 681 79 1
6 L 0 60 1
6 L 0 48 1
6 L 0 45 1
6 L 0 71 1
6 L 0 33 1
6 D 685 60 1
6 D 685 45 1
6 D 685 33 1
7 L 0 67 1
7 L 0 56 1
7 L 0 54 1
7 L 0 29 1
7 L 0 35 1
7 D 689 67 1
7 D 689 54 1
7 D 689 35 1
8 L 0 44 1
8 L 0 46 1
8 L 0 56 1
8 D 693 44 1
8 D 693 56 1
9 L 0 88 1
9 L 0 44 1
9 L 0 79 1
9 L 0 52 1
9 L 0 50 1
9 D 697 88 1
9 D 697 79 1
9 D 697 50 1
10 L 0 53 1
10 L 0 60 1
10 L 0 6 1
10 D 700 53 1
10 D 700 6 1
11 L 0 13 1
11 L 0 59 1
11 L 0 25 1
11 D 702 13 1
11 D 702 25 1
12 L 0 60 1
12 L 0 66 1
12 L 0 45 1
12 D 704 60 1
12 D 704 45 1
13 L 0 36 1
13 D 706 36 1
14 L 0 56 1
14 L 0 35 1
14 L 0 70 1
14 L 0 18 1
14 L 0 35 1
14 L 0 50 1
14 D 708 56 1
14 D 708 70 1
14 D 708 35 1
15 L 0 33 1
15 L 0 45 1
15 L 0 70 1
15 L 0 36 1
15 L 0 55 1
15 D 710 33 1
15 D 710 70 1
15 D 710 55 1
16 L 0 31 1
16 L 0 63 1
16 L 0 46 1
16 D 712 31 1
16 D 712 46 1
17 L 0 72 1
17 L 0 50 1
17 L 0 45 1
17 D 714 72 1
17 D 714 45 1
18 L 0 33 1
18 L 0 35 1
18 L 0 63 1
18 L 0 47 1
18 D 716 33 1
18 D 716 63 1
19 L 0 30 1
19 L 0 63 1
19 L 0 80 1
19 D 718 30 1
19 D 718 80 1
0 L 0 45 1
0 L 0 68 1
0 D 631 45 1
1 L 0 58 1
1 L 0 80 1
1 L 0 28 1
1 D 663 58 1
1 D 663 28 1
2 L 0 86 1
2 L 0 32 1
2 L 0 40 1
2 L 0 17 1
2 D 679 86 1
2 D 679 40 1
3 L 0 75 1
3 L 0 79 1
3 L 0 41 1
3 L 0 33 1
3 L 0 32 1
3 D 687 75 1
3 D 687 41 1
3 D 687 32 1
4 L 0 34 1
4 L 0 73 1
4 D 695 34 1
5 L 0 19 1
5 L 0 72 1
5 L 0 62 1
5 D 701 19 1
5 D 701 62 1
6 L 0 54 1
6 L 0 59 1
6 L 0 45 1
6 L 0 28 1
6 D 705 54 1
6 D 705 45 1
7 L 0 78 1
7 L 0 62 1
7 L 0 39 1
7 D 709 78 1
7 D 709 39 1
8 L 0 48 1
8 L 0 60 1
8 L 0 38 1
8 D 713 48 1
8 D 713 38 1
9 L 0 44 1
9 L 0 85 1
9 L 0 44 1
9 L 0 16 1
9 D 717 44 1
9 D 717 44 1
10 L 0 74 1
10 L 0 53 1
10 L 0 79 1
10 L 0 72 1
10 L 0 42 1
10 L 0 68 1
10 D 720 74 1
10 D 720 79 1
10 D 720 42 1
11 L 0 34 1
11 L 0 66 1
11 L 0 19 1
11 D 722 34 1
11 D 722 19 1
12 L 0 41 1
12 L 0 13 1
12 L 0 57 1
12 D 724 41 1
12 D 724 57 1
13 L 0 34 1
13 L 0 27 1
13 L 0 54 1
13 L 0 69 1
13 D 726 34 1
13 D 726 54 1
14 L 0 56 1
14 L 0 85 1
14 L 0 51 1
14 L 0 50 1
14 D 728 56 1
14 D 728 51 1
15 L 0 14 1
15 L 0 72 1
15 D 730 14 1
16 L 0 62 1
16 L 0 46 1
16 L 0 51 1
16 L 0 53 1
16 D 732 62 1
16 D 732 51 1
17 L 0 56 1
17 L 0 19 1
17 L 0 64 1
17 L 0 73 1
17 L 0 16 1
17 D 734 56 1
17 D 734 64 1
17 D 734 16 1
18 L 0 34 1
18 L 0 89 1
18 L 0 46 1
18 D 736 34 1
18 D 736 46 1
19 L 0 31 1
19 L 0 33 1
19 L 0 58 1
19 L 0 13 1
19 D 738 31 1
19 D 738 58 1
0 L 0 49 1
0 L 0 67 1
0 L 0 61 1
0 L 0 59 1
0 D 651 49 1
0 D 651 61 1
1 L 0 63 1
1 L 0 20 1
1 L 0 63 1
1 D 683 63 1
1 D 683 63 1
2 L 0 66 1
2 L 0 42 1
2 L 0 67 1
2 D 699 66 1
2 D 699 67 1
3 L 0 38 1
3 L 0 48 1
3 L 0 84 1
3 L 0 59 1
3 D 707 38 1
3 D 707 84 1
4 L 0 22 1
4 L 0 58 1
4 L 0 13 1
4 L 0 45 1
4 L 0 53 1
4 D 715 22 1
4 D 715 13 1
4 D 715 53 1
5 L 0 59 1
5 L 0 31 1
5 L 0 48 1
5 D 721 59 1
5 D 721 48 1
6 L 0 71 1
6 L 0 28 1
6 L 0 58 1
6 D 725 71 1
6 D 725 58 1
7 L 0 13 1
7 L 0 54 1
7 L 0 28 1
7 D 729 13 1
7 D 729 28 1
8 L 0 60 1
8 L 0 18 1
8 L 0 43 1
8 D 733 60 1
8 D 733 43 1
9 L 0 38 1
9 L 0 57 1
9 L 0 70 1
9 D 737 38 1
9 D 737 70 1
10 L 0 53 1
10 L 0 66 1
10 L 0 55 1
10 D 740 53 1
10 D 740 55 1
11 L 0 66 1
11 L 0 69 1
11 D 742 66 1
12 L 0 52 1
12 L 0 13 1
12 L 0 30 1
12 D 744 52 1
12 D 744 30 1
13 L 0 30 1
13 L 0 20 1
13 L 0 17 1
13 D 746 30 1
13 D 746 17 1
14 L 0 54 1
14 L 0 19 1
14 D 748 54 1
15 L 0 72 1
15 L 0 53 1
15 L 0 20 1
15 L 0 65 1
15 L 0 32 1
15 D 750 72 1
15 D 750 20 1
15 D 750 32 1
16 L 0 14 1
16 L 0 64 1
16 L 0 33 1
16 L 0 7 1
16 L 0 65 1
16 D 752 14 1
16 D 752 33 1
16 D 752 65 1
17 L 0 72 1
17 L 0 47 1
17 L 0 18 1
17 L 0 49 1
17 L 0 49 1
17 D 754 72 1
17 D 754 18 1
17 D 754 49 1
18 L 0 34 1
18 L 0 76 1
18 L 0 18 1
18 L 0 53 1
18 D 756 34 1
18 D 756 18 1
19 L 0 73 1
19 L 0 48 1
19 D 758 73 1
0 L 0 51 1
0 L 0 58 1
0 L 0 21 1
0 D 671 51 1
0 D 671 21 1
1 L 0 10 1
1 L 0 57 1
1 D 703 10 1
2 L 0 41 1
2 L 0 38 1
2 L 0 51 1
2 D 719 41 1
2 D 719 51 1
3 L 0 63 1
3 L 0 59 1
3 L 0 12 1
3 L 0 12 1
3 L 0 87 1
3 D 727 63 1
3 D 727 12 1
3 D 727 87 1
4 L 0 71 1
4 D 735 71 1
5 L 0 50 1
5 L 0 63 1
5 L 0 70 1
5 L 0 40 1
5 D 741 50 1
5 D 741 70 1
6 L 0 46 1
6 L 0 31 1
6 L 0 62 1
6 L 0 79 1
6 D 745 46 1
6 D 745 62 1
7 L 0 86 1
7 L 0 46 1
7 D 749 86 1
8 L 0 45 1
8 L 0 62 1
8 L 0 26 1
8 L 0 60 1
8 D 753 45 1
8 D 753 26 1
9 L 0 8 1
9 L 0 61 1
9 L 0 58 1
9 L 0 62 1
9 D 757 8 1
9 D 757 58 1
10 L 0 17 1
10 L 0 50 1
10 L 0 27 1
10 L 0 38 1
10 D 760 17 1
10 D 760 27 1
11 L 0 50 1
11 L 0 64 1
11 L 0 66 1
11 L 0 57 1
11 D 762 50 1
11 D 762 66 1
12 L 0 28 1
12 L 0 24 1
12 L 0 23 1
12 L 0 29 1
12 D 764 28 1
12 D 764 23 1
13 L 0 78 1
13 L 0 72 1
13 L 0 71 1
13 D 766 78 1
13 D 766 71 1
14 L 0 74 1
14 L 0 35 1
14 L 0 54 1
14 L 0 55 1
14 D 768 74 1
14 D 768 54 1
15 L 0 40 1
15 L 0 29 1
15 L 0 50 1
15 L 0 71 1
15 L 0 31 1
15 L 0 76 1
15 L 0 55 1
15 D 770 40 1
15 D 770 50 1
15 D 770 31 1
15 D 770 55 1
16 L 0 57 1
16 L 0 55 1
16 L 0 81 1
16 D 772 57 1
16 D 772 81 1
17 L 0 52 1
17 L 0 43 1
17 L 0 56 1
17 L 0 19 1
17 L 0 36 1
17 D 774 52 1
17 D 774 56 1
17 D 774 36 1
18 L 0 53 1
18 L 0 47 1
18 L 0 43 1
18 L 0 19 1
18 D 776 53 1
18 D 776 43 1
19 L 0 40 1
19 L 0 73 1
19 L 0 32 1
19 L 0 51 1
19 L 0 30 1
19 D 778 40 1
19 D 778 32 1
19 D 778 30 1
0 L 0 65 1
0 L 0 55 1
0 L 0 22 1
0 L 0 33 1
0 D 691 65 1
0 D 691 22 1
1 L 0 58 1
1 L 0 73 1
1 L 0 34 1
1 L 0 49 1
1 D 723 58 1
1 D 723 34 1
2 L 0 66 1
2 L 0 19 1
2 L 0 77 1
2 L 0 74 1
2 L 0 29 1
2 D 739 66 1
2 D 739 77 1
2 D 739 29 1
3 L 0 38 1
3 L 0 66 1
3 D 747 38 1
4 L 0 42 1
4 L 0 59 1
4 D 755 42 1
5 L 0 39 1
5 L 0 57 1
5 L 0 51 1
5 L 0 67 1
5 L 0 35 1
5 D 761 39 1
5 D 761 51 1
5 D 761 35 1
6 L 0 72 1
6 L 0 75 1
6 L 0 41 1
6 L 0 34 1
6 D 765 72 1
6 D 765 41 1
7 L 0 53 1
7 L 0 50 1
7 L 0 77 1
7 D 769 53 1
7 D 769 77 1
8 L 0 63 1
8 L 0 78 1
8 L 0 21 1
8 D 773 63 1
8 D 773 21 1
9 L 0 40 1
9 L 0 84 1
9 L 0 52 1
9 L 0 48 1
9 D 777 40 1
9 D 777 52 1
10 L 0 75 1
10 L 0 53 1
10 L 0 67 1
10 D 780 75 1
10 D 780 67 1
11 L 0 64 1
11 L 0 31 1
11 L 0 45 1
11 D 782 64 1
11 D 782 45 1
12 L 0 48 1
12 L 0 61 1
12 L 0 70 1
12 D 784 48 1
12 D 784 70 1
13 L 0 27 1
13 L 0 17 1
13 L 0 53 1
13 L 0 47 1
13 D 786 27 1
13 D 786 53 1
14 L 0 8 1
14 L 0 6 1
14 L 0 42 1
14 D 788 8 1
14 D 788 42 1
15 L 0 33 1
15 L 0 19 1
15 L 0 38 1
15 D 790 33 1
15 D 790 38 1
16 L 0 85 1
16 L 0 73 1
16 L 0 56 1
16 L 0 30 1
16 D 792 85 1
16 D 792 56 1
17 L 0 71 1
17 L 0 53 1
17 L 0 62 1
17 L 0 44 1
17 D 794 71 1
17 D 794 62 1
18 L 0 30 1
18 L 0 45 1
18 L 0 37 1
18 D 796 30 1
18 D 796 37 1
19 L 0 55 1
19 L 0 58 1
19 D 798 55 1
0 L 0 36 1
0 L 0 71 1
0 L 0 33 1
0 D 711 36 1
0 D 711 33 1
1 L 0 80 1
1 L 0 27 1
1 L 0 46 1
1 L 0 62 1
1 D 743 80 1
1 D 743 46 1
2 L 0 83 1
2 L 0 38 1
2 L 0 65 1
2 L 0 88 1
2 D 759 83 1
2 D 759 65 1
3 L 0 58 1
3 L 0 27 1
3 L 0 51 1
3 L 0 39 1
3 L 0 70 1
3 D 767 58 1
3 D 767 51 1
3 D 767 70 1
4 L 0 34 1
4 L 0 73 1
4 L 0 48 1
4 D 775 34 1
4 D 775 48 1
5 L 0 62 1
5 L 0 51 1
5 L 0 76 1
5 L 0 18 1
5 D 781 62 1
5 D 781 76 1
6 L 0 86 1
6 L 0 11 1
6 L 0 65 1
6 D 785 86 1
6 D 785 65 1
7 L 0 34 1
7 L 0 43 1
7 D 789 34 1
8 L 0 59 1
8 L 0 11 1
8 L 0 5 1
8 D 793 59 1
8 D 793 5 1
9 L 0 56 1
9 L 0 18 1
9 L 0 31 1
9 D 797 56 1
9 D 797 31 1
0 L 0 62 1
0 D 731 62 1
1 L 0 52 1
1 L 0 66 1
1 L 0 69 1
1 L 0 69 1
1 D 763 52 1
1 D 763 69 1
2 L 0 33 1
2 L 0 3 1
2 L 0 61 1
2 L 0 42 1
2 D 779 33 1
2 D 779 61 1
3 L 0 23 1
3 L 0 31 1
3 L 0 30 1
3 L 0 35 1
3 D 787 23 1
3 D 787 30 1
4 L 0 49 1
4 L 0 71 1
4 L 0 53 1
4 D 795 49 1
4 D 795 53 1
0 L 0 52 1
0 L 0 41 1
0 L 0 51 1
0 D 751 52 1
0 D 751 51 1
1 L 0 30 1
1 L 0 43 1
1 L 0 45 1
1 D 783 30 1
1 D 783 45 1
2 L 0 33 1
2 D 799 33 1
0 L 0 28 1
0 L 0 30 1
0 L 0 23 1
0 D 771 28 1
0 D 771 23 1
