0 L 4 1 1
0 L 11 2 1
0 L 10 1 1
0 D 0 1 1
0 D 0 1 1
1 L 11 6 1
1 L 4 2 1
1 D 2 6 1
2 L 4 1 1
2 L 12 3 1
2 L 11 2 1
2 D 4 1 1
2 D 4 2 1
3 L 4 1 1
3 L 0 5 1
3 L 1 5 1
3 L 5 3 1
3 L 14 4 1
3 L 11 2 1
3 L 15 4 1
3 D 6 1 1
3 D 6 5 1
3 D 6 4 1
3 D 6 4 1
4 L 14 6 1
4 L 8 3 1
4 L 6 6 1
4 L 1 3 1
4 D 8 6 1
4 D 8 6 1
5 L 11 6 1
5 L 4 4 1
5 L 10 5 1
5 D 10 6 1
5 D 10 5 1
6 L 7 7 1
6 L 13 4 1
6 L 4 5 1
6 L 15 5 1
6 L 12 5 1
6 L 3 4 1
6 L 11 6 1
6 L 9 4 1
6 L 8 4 1
6 L 0 8 1
6 L 1 6 1
6 D 12 7 1
6 D 12 5 1
6 D 12 5 1
6 D 12 6 1
6 D 12 4 1
6 D 12 6 1
7 L 11 5 1
7 L 4 5 1
7 L 7 3 1
7 D 14 5 1
7 D 14 3 1
8 L 14 2 1
8 L 1 4 1
8 L 8 4 1
8 L 6 3 1
8 L 5 3 1
8 L 3 4 1
8 L 9 6 1
8 L 15 4 1
8 L 4 6 1
8 L 7 5 1
8 D 16 2 1
8 D 16 4 1
8 D 16 3 1
8 D 16 6 1
8 D 16 6 1
9 L 1 1 1
9 L 8 3 1
9 D 18 1 1
10 L 0 4 1
10 L 5 6 1
10 L 1 2 1
10 L 4 6 1
10 L 14 5 1
10 L 11 4 1
10 L 10 5 1
10 L 6 5 1
10 D 20 4 1
10 D 20 2 1
10 D 20 5 1
10 D 20 5 1
11 L 11 1 1
11 L 4 1 1
11 L 10 1 1
11 L 0 2 1
11 L 12 6 1
11 L 1 5 1
11 L 13 1 1
11 L 3 1 1
11 L 8 1 1
11 L 2 3 1
11 L 11 7 1
11 L 4 4 1
11 L 10 5 1
11 D 22 1 1
11 D 22 1 1
11 D 22 6 1
11 D 22 1 1
11 D 22 1 1
11 D 22 7 1
11 D 22 5 1
12 L 14 2 1
12 L 8 1 1
12 L 6 3 1
12 D 24 2 1
12 D 24 3 1
13 L 8 4 1
13 L 9 4 1
13 L 2 7 1
13 L 6 3 1
13 L 3 1 1
13 L 14 5 1
13 L 15 2 1
13 L 5 4 1
13 L 0 5 1
13 L 4 4 1
13 L 13 1 1
13 L 7 6 1
13 L 10 2 1
13 L 8 4 1
13 D 26 4 1
13 D 26 7 1
13 D 26 1 1
13 D 26 2 1
13 D 26 5 1
13 D 26 1 1
13 D 26 2 1
14 L 8 6 1
14 L 9 5 1
14 L 3 6 1
14 L 15 3 1
14 L 2 4 1
14 L 6 7 1
14 L 14 10 1
14 L 1 6 1
14 D 28 6 1
14 D 28 6 1
14 D 28 4 1
14 D 28 10 1
15 L 0 3 1
15 L 10 1 1
15 D 30 3 1
16 L 0 7 1
16 L 4 3 1
16 D 32 7 1
17 L 10 3 1
17 L 11 4 1
17 L 4 3 1
17 L 0 3 1
17 L 5 1 1
17 L 12 1 1
17 L 7 3 1
17 L 1 1 1
17 D 34 3 1
17 D 34 3 1
17 D 34 1 1
17 D 34 3 1
18 L 4 5 1
18 L 7 3 1
18 L 15 2 1
18 D 36 5 1
18 D 36 2 1
19 L 12 4 1
19 L 7 3 1
19 L 11 2 1
19 L 4 2 1
19 L 13 2 1
19 L 15 4 1
19 L 10 6 1
19 L 3 3 1
19 L 0 2 1
19 D 38 4 1
19 D 38 2 1
19 D 38 2 1
19 D 38 6 1
19 D 38 2 1
20 L 4 5 1
20 L 0 1 1
20 D 40 5 1
21 L 15 11 1
21 L 3 4 1
21 D 42 11 1
22 L 1 4 1
22 L 14 4 1
22 L 5 6 1
22 L 6 3 1
22 L 0 3 1
22 L 8 7 1
22 L 4 7 1
22 D 44 4 1
22 D 44 6 1
22 D 44 3 1
22 D 44 7 1
23 L 1 5 1
23 L 5 8 1
23 L 0 1 1
23 L 14 9 1
23 L 6 5 1
23 D 46 5 1
23 D 46 1 1
23 D 46 5 1
24 L 4 4 1
24 L 11 7 1
24 D 48 4 1
25 L 11 2 1
25 L 4 2 1
25 L 7 5 1
25 L 12 5 1
25 L 13 8 1
25 L 15 3 1
25 L 10 3 1
25 D 50 2 1
25 D 50 5 1
25 D 50 8 1
25 D 50 3 1
26 L 11 4 1
26 L 4 1 1
26 L 10 5 1
26 D 52 4 1
26 D 52 5 1
27 L 8 3 1
27 L 9 2 1
27 L 3 2 1
27 L 15 6 1
27 L 6 5 1
27 D 54 3 1
27 D 54 2 1
27 D 54 5 1
28 L 7 2 1
28 L 13 3 1
28 L 15 5 1
28 L 4 2 1
28 L 3 3 1
28 L 12 4 1
28 L 9 2 1
28 L 11 2 1
28 L 8 3 1
28 L 0 5 1
28 L 1 3 1
28 L 14 7 1
28 L 5 1 1
28 D 56 2 1
28 D 56 5 1
28 D 56 3 1
28 D 56 2 1
28 D 56 3 1
28 D 56 3 1
28 D 56 1 1
29 L 10 1 1
29 L 11 4 1
29 L 0 3 1
29 D 58 1 1
29 D 58 3 1
0 L 14 5 1
0 L 1 5 1
0 L 6 1 1
0 D 1 5 1
0 D 1 1 1
1 L 7 3 1
1 L 13 6 1
1 D 5 3 1
2 L 10 2 1
2 L 11 1 1
2 L 0 4 1
2 L 4 4 1
2 D 9 2 1
2 D 9 4 1
3 L 4 2 1
3 L 11 1 1
3 L 0 1 1
3 L 7 4 1
3 L 5 2 1
3 L 15 2 1
3 L 13 5 1
3 L 12 2 1
3 L 14 3 1
3 L 3 3 1
3 L 10 2 1
3 L 8 3 1
3 L 9 4 1
3 L 6 6 1
3 L 2 4 1
3 L 11 1 1
3 L 7 1 1
3 D 13 2 1
3 D 13 1 1
3 D 13 2 1
3 D 13 5 1
3 D 13 3 1
3 D 13 2 1
3 D 13 4 1
3 D 13 4 1
3 D 13 1 1
4 L 5 2 1
4 L 1 3 1
4 L 14 1 1
4 L 4 5 1
4 L 6 2 1
4 L 11 4 1
4 L 8 3 1
4 L 15 3 1
4 L 7 4 1
4 L 3 3 1
4 D 17 2 1
4 D 17 1 1
4 D 17 2 1
4 D 17 3 1
4 D 17 4 1
5 L 1 3 1
5 L 14 3 1
5 L 5 2 1
5 D 21 3 1
5 D 21 2 1
6 L 1 2 1
6 L 0 4 1
6 D 25 2 1
7 L 8 6 1
7 L 3 5 1
7 L 15 3 1
7 L 6 3 1
7 L 1 1 1
7 L 4 2 1
7 L 0 4 1
7 D 29 6 1
7 D 29 3 1
7 D 29 1 1
7 D 29 4 1
8 L 8 8 1
8 L 14 5 1
8 L 6 9 1
8 L 9 5 1
8 D 33 8 1
8 D 33 9 1
9 L 0 4 1
9 L 4 4 1
9 L 5 4 1
9 D 37 4 1
9 D 37 4 1
10 L 6 7 1
10 L 8 5 1
10 L 14 6 1
10 L 2 4 1
10 L 9 4 1
10 L 3 4 1
10 L 1 3 1
10 D 41 7 1
10 D 41 6 1
10 D 41 4 1
10 D 41 3 1
11 L 4 2 1
11 L 11 2 1
11 L 7 3 1
11 L 12 1 1
11 D 45 2 1
11 D 45 3 1
12 L 15 6 1
12 L 3 6 1
12 L 8 5 1
12 D 49 6 1
12 D 49 5 1
13 L 1 1 1
13 L 0 3 1
13 D 53 1 1
14 L 8 5 1
14 L 9 6 1
14 L 3 3 1
14 D 57 5 1
14 D 57 3 1
15 L 8 4 1
15 L 9 4 1
15 L 3 3 1
15 L 15 5 1
15 L 2 2 1
15 D 60 4 1
15 D 60 3 1
15 D 60 2 1
16 L 4 7 1
16 L 11 2 1
16 L 7 4 1
16 D 62 7 1
16 D 62 4 1
17 L 0 4 1
17 L 5 4 1
17 L 1 4 1
17 L 4 9 1
17 D 64 4 1
17 D 64 4 1
18 L 0 3 1
18 L 1 5 1
18 L 14 2 1
18 L 4 1 1
18 L 10 2 1
18 L 11 5 1
18 D 66 3 1
18 D 66 2 1
18 D 66 2 1
19 L 2 3 1
19 L 6 4 1
19 L 8 5 1
19 L 14 4 1
19 L 9 4 1
19 D 68 3 1
19 D 68 5 1
19 D 68 4 1
20 L 15 2 1
20 L 3 3 1
20 D 70 2 1
21 L 15 3 1
21 L 3 6 1
21 L 9 2 1
21 L 8 1 1
21 D 72 3 1
21 D 72 2 1
22 L 15 4 1
22 L 3 10 1
22 L 9 5 1
22 D 74 4 1
22 D 74 5 1
23 L 5 3 1
23 L 1 2 1
23 L 10 2 1
23 L 6 3 1
23 L 8 3 1
23 L 2 3 1
23 L 0 3 1
23 D 76 3 1
23 D 76 2 1
23 D 76 3 1
23 D 76 3 1
24 L 1 2 1
24 L 0 1 1
24 D 78 2 1
25 L 15 3 1
25 L 9 2 1
25 L 8 1 1
25 L 4 3 1
25 L 7 1 1
25 D 80 3 1
25 D 80 1 1
25 D 80 1 1
26 L 4 1 1
26 L 0 2 1
26 L 11 2 1
26 L 1 4 1
26 L 5 1 1
26 L 7 1 1
26 L 15 2 1
26 D 82 1 1
26 D 82 2 1
26 D 82 1 1
26 D 82 2 1
27 L 14 2 1
27 L 6 2 1
27 L 1 3 1
27 D 84 2 1
27 D 84 3 1
28 L 7 2 1
28 L 13 1 1
28 L 15 1 1
28 L 3 1 1
28 L 9 2 1
28 L 8 1 1
28 L 1 5 1
28 D 86 2 1
28 D 86 1 1
28 D 86 2 1
28 D 86 5 1
29 L 0 3 1
29 L 7 1 1
29 L 10 2 1
29 D 88 3 1
29 D 88 2 1
0 L 4 1 1
0 L 11 6 1
0 L 7 5 1
0 D 3 1 1
0 D 3 5 1
1 L 10 4 1
1 L 11 2 1
1 L 0 1 1
1 L 4 5 1
1 L 5 3 1
1 D 11 4 1
1 D 11 1 1
1 D 11 3 1
2 L 15 1 1
2 L 3 6 1
2 L 9 4 1
2 L 8 6 1
2 L 4 2 1
2 D 19 1 1
2 D 19 4 1
2 D 19 2 1
3 L 0 5 1
3 L 4 3 1
3 L 1 5 1
3 L 5 6 1
3 L 14 4 1
3 D 27 5 1
3 D 27 5 1
3 D 27 4 1
4 L 8 3 1
4 L 9 5 1
4 L 3 6 1
4 L 15 5 1
4 L 2 4 1
4 L 6 4 1
4 L 14 4 1
4 D 35 3 1
4 D 35 6 1
4 D 35 4 1
4 D 35 4 1
5 L 6 4 1
5 L 14 5 1
5 D 43 4 1
6 L 3 5 1
6 L 9 4 1
6 L 15 4 1
6 L 8 9 1
6 D 51 5 1
6 D 51 4 1
7 L 3 6 1
7 L 15 3 1
7 D 59 6 1
8 L 15 4 1
8 L 3 4 1
8 L 4 2 1
8 L 9 4 1
8 L 8 2 1
8 D 63 4 1
8 D 63 2 1
8 D 63 2 1
9 L 1 3 1
9 L 14 4 1
9 L 5 1 1
9 L 0 2 1
9 D 67 3 1
9 D 67 1 1
10 L 4 2 1
10 L 11 4 1
10 L 0 3 1
10 L 7 4 1
10 L 15 3 1
10 L 13 4 1
10 D 71 2 1
10 D 71 3 1
10 D 71 3 1
11 L 0 1 1
11 L 4 2 1
11 L 5 6 1
11 L 11 7 1
11 D 75 1 1
11 D 75 6 1
12 L 7 4 1
12 L 4 5 1
12 L 11 4 1
12 L 13 5 1
12 L 15 2 1
12 D 79 4 1
12 D 79 4 1
12 D 79 2 1
13 L 0 8 1
13 L 4 6 1
13 D 83 8 1
14 L 7 4 1
14 L 4 3 1
14 L 13 3 1
14 D 87 4 1
14 D 87 3 1
15 L 4 4 1
15 L 7 2 1
15 L 13 7 1
15 D 90 4 1
15 D 90 7 1
16 L 0 4 1
16 L 5 1 1
16 L 1 3 1
16 L 4 2 1
16 L 10 2 1
16 L 11 1 1
16 L 14 1 1
16 L 7 2 1
16 L 6 2 1
16 L 15 1 1
16 D 92 4 1
16 D 92 3 1
16 D 92 2 1
16 D 92 1 1
16 D 92 2 1
17 L 15 3 1
17 L 13 2 1
17 L 3 4 1
17 D 94 3 1
17 D 94 4 1
18 L 0 3 1
18 L 5 2 1
18 L 1 2 1
18 D 96 3 1
18 D 96 2 1
19 L 10 2 1
19 L 11 1 1
19 D 98 2 1
20 L 0 5 1
20 L 1 5 1
20 L 5 2 1
20 D 100 5 1
20 D 100 2 1
21 L 0 3 1
21 L 4 4 1
21 L 5 3 1
21 D 102 3 1
21 D 102 3 1
22 L 15 1 1
22 L 3 5 1
22 L 9 10 1
22 L 4 3 1
22 D 104 1 1
22 D 104 10 1
23 L 4 3 1
23 L 7 1 1
23 L 11 1 1
23 D 106 3 1
23 D 106 1 1
24 L 14 2 1
24 L 1 1 1
24 L 6 2 1
24 L 5 4 1
24 D 108 2 1
24 D 108 2 1
25 L 8 4 1
25 L 9 8 1
25 L 3 5 1
25 D 110 4 1
25 D 110 5 1
26 L 10 2 1
26 L 4 3 1
26 L 12 2 1
26 L 0 2 1
26 L 7 4 1
26 L 1 3 1
26 D 112 2 1
26 D 112 2 1
26 D 112 4 1
27 L 12 4 1
27 L 7 5 1
27 L 13 3 1
27 L 4 6 1
27 D 114 4 1
27 D 114 3 1
28 L 0 6 1
28 L 5 6 1
28 L 4 6 1
28 L 11 1 1
28 D 116 6 1
28 D 116 6 1
29 L 0 1 1
29 L 1 1 1
29 D 118 1 1
0 L 4 1 1
0 L 7 2 1
0 L 12 1 1
0 L 11 2 1
0 L 9 1 1
0 L 8 1 1
0 L 1 2 1
0 L 14 1 1
0 L 6 2 1
0 L 4 4 1
0 L 7 5 1
0 D 7 1 1
0 D 7 1 1
0 D 7 1 1
0 D 7 2 1
0 D 7 2 1
0 D 7 5 1
1 L 1 5 1
1 L 0 3 1
1 L 5 2 1
1 D 23 5 1
1 D 23 2 1
2 L 8 3 1
2 L 9 4 1
2 L 3 1 1
2 L 15 2 1
2 L 2 2 1
2 L 6 7 1
2 L 14 6 1
2 L 1 7 1
2 L 13 3 1
2 L 4 4 1
2 D 39 3 1
2 D 39 1 1
2 D 39 2 1
2 D 39 6 1
2 D 39 3 1
3 L 8 3 1
3 L 9 5 1
3 L 3 3 1
3 D 55 3 1
3 D 55 3 1
4 L 11 1 1
4 L 4 1 1
4 L 12 1 1
4 L 7 1 1
4 L 10 1 1
4 D 65 1 1
4 D 65 1 1
4 D 65 1 1
5 L 0 1 1
5 L 4 1 1
5 L 11 2 1
5 L 1 1 1
5 L 7 2 1
5 L 14 2 1
5 L 15 2 1
5 L 12 3 1
5 D 73 1 1
5 D 73 2 1
5 D 73 2 1
5 D 73 2 1
6 L 3 3 1
6 L 15 1 1
6 L 8 2 1
6 L 13 1 1
6 L 2 2 1
6 L 1 1 1
6 D 81 3 1
6 D 81 2 1
6 D 81 2 1
7 L 5 1 1
7 L 4 2 1
7 L 14 2 1
7 L 7 1 1
7 D 89 1 1
7 D 89 2 1
8 L 8 2 1
8 L 9 5 1
8 L 3 2 1
8 L 6 1 1
8 L 15 2 1
8 L 1 2 1
8 L 5 1 1
8 L 13 3 1
8 L 4 4 1
8 L 7 3 1
8 D 93 2 1
8 D 93 2 1
8 D 93 2 1
8 D 93 1 1
8 D 93 4 1
9 L 4 1 1
9 L 11 2 1
9 L 7 2 1
9 D 97 1 1
9 D 97 2 1
10 L 15 7 1
10 L 4 4 1
10 L 3 4 1
10 D 101 7 1
10 D 101 4 1
11 L 14 7 1
11 L 6 6 1
11 L 1 1 1
11 L 8 3 1
11 D 105 7 1
11 D 105 1 1
12 L 0 5 1
12 L 4 2 1
12 L 5 6 1
12 D 109 5 1
12 D 109 6 1
13 L 15 6 1
13 L 3 4 1
13 L 9 8 1
13 L 8 1 1
13 L 4 2 1
13 L 7 2 1
13 L 13 3 1
13 L 1 5 1
13 D 113 6 1
13 D 113 8 1
13 D 113 2 1
13 D 113 3 1
14 L 6 2 1
14 L 8 2 1
14 L 2 1 1
14 L 9 2 1
14 L 1 1 1
14 L 3 1 1
14 D 117 2 1
14 D 117 1 1
14 D 117 1 1
15 L 0 2 1
15 L 5 2 1
15 L 4 3 1
15 D 120 2 1
15 D 120 3 1
16 L 6 3 1
16 L 14 4 1
16 L 8 3 1
16 L 2 6 1
16 L 1 6 1
16 D 122 3 1
16 D 122 3 1
16 D 122 6 1
17 L 8 3 1
17 L 9 3 1
17 D 124 3 1
18 L 15 2 1
18 L 3 1 1
18 L 4 4 1
18 D 126 2 1
18 D 126 4 1
19 L 8 5 1
19 L 3 4 1
19 L 14 10 1
19 L 9 10 1
19 D 128 5 1
19 D 128 10 1
20 L 14 2 1
20 L 1 5 1
20 L 6 3 1
20 L 5 5 1
20 D 130 2 1
20 D 130 3 1
21 L 8 3 1
21 L 9 5 1
21 D 132 3 1
22 L 0 2 1
22 L 4 2 1
22 L 11 3 1
22 D 134 2 1
22 D 134 3 1
23 L 4 7 1
23 L 11 1 1
23 L 0 2 1
23 L 7 3 1
23 L 5 4 1
23 L 1 1 1
23 L 13 7 1
23 L 15 4 1
23 L 12 5 1
23 L 10 5 1
23 L 14 4 1
23 L 3 2 1
23 L 8 5 1
23 L 9 2 1
23 L 6 2 1
23 L 2 1 1
23 L 4 7 1
23 L 11 8 1
23 L 0 4 1
23 D 136 7 1
23 D 136 2 1
23 D 136 4 1
23 D 136 7 1
23 D 136 5 1
23 D 136 4 1
23 D 136 5 1
23 D 136 2 1
23 D 136 7 1
23 D 136 4 1
24 L 9 1 1
24 L 3 4 1
24 D 138 1 1
25 L 15 2 1
25 L 3 1 1
25 L 7 4 1
25 L 9 3 1
25 D 140 2 1
25 D 140 4 1
26 L 10 1 1
26 L 4 1 1
26 L 0 2 1
26 L 5 2 1
26 D 142 1 1
26 D 142 2 1
27 L 0 3 1
27 L 5 4 1
27 L 4 3 1
27 D 144 3 1
27 D 144 3 1
28 L 0 1 1
28 L 1 1 1
28 L 4 1 1
28 L 5 4 1
28 L 14 4 1
28 L 11 2 1
28 L 15 4 1
28 L 8 4 1
28 L 7 2 1
28 L 3 2 1
28 L 6 2 1
28 L 9 2 1
28 L 13 6 1
28 L 12 4 1
28 L 10 3 1
28 L 2 1 1
28 D 146 1 1
28 D 146 1 1
28 D 146 4 1
28 D 146 4 1
28 D 146 2 1
28 D 146 2 1
28 D 146 6 1
28 D 146 3 1
29 L 1 2 1
29 L 0 4 1
29 L 14 3 1
29 L 5 3 1
29 D 148 2 1
29 D 148 3 1
0 L 8 2 1
0 L 14 2 1
0 L 9 1 1
0 L 1 4 1
0 D 15 2 1
0 D 15 1 1
1 L 11 6 1
1 L 12 6 1
1 L 4 4 1
1 D 47 6 1
1 D 47 4 1
2 L 9 5 1
2 L 3 6 1
2 L 6 7 1
2 D 69 5 1
2 D 69 7 1
3 L 11 4 1
3 L 7 5 1
3 L 13 3 1
3 L 4 5 1
3 L 10 4 1
3 L 15 1 1
3 L 3 5 1
3 D 85 4 1
3 D 85 3 1
3 D 85 4 1
3 D 85 5 1
4 L 4 2 1
4 L 15 1 1
4 L 7 1 1
4 L 3 1 1
4 D 95 2 1
4 D 95 1 1
5 L 5 3 1
5 L 0 2 1
5 L 1 4 1
5 L 14 3 1
5 L 4 4 1
5 D 103 3 1
5 D 103 4 1
5 D 103 4 1
6 L 11 1 1
6 L 4 1 1
6 L 10 2 1
6 L 0 2 1
6 L 5 4 1
6 D 111 1 1
6 D 111 2 1
6 D 111 4 1
7 L 11 1 1
7 L 4 1 1
7 D 119 1 1
8 L 6 9 1
8 L 14 2 1
8 L 8 5 1
8 D 123 9 1
8 D 123 5 1
9 L 14 7 1
9 L 1 7 1
9 L 6 7 1
9 L 5 4 1
9 D 127 7 1
9 D 127 7 1
10 L 1 6 1
10 L 0 7 1
10 L 14 7 1
10 D 131 6 1
10 D 131 7 1
11 L 9 3 1
11 L 15 3 1
11 L 6 1 1
11 L 1 4 1
11 D 135 3 1
11 D 135 1 1
12 L 15 4 1
12 L 3 6 1
12 L 9 4 1
12 L 8 4 1
12 D 139 4 1
12 D 139 4 1
13 L 6 3 1
13 L 14 2 1
13 L 8 5 1
13 L 1 3 1
13 D 143 3 1
13 D 143 5 1
14 L 7 1 1
14 L 11 3 1
14 D 147 1 1
15 L 0 2 1
15 L 5 4 1
15 L 4 3 1
15 L 11 4 1
15 L 8 1 1
15 L 10 2 1
15 L 7 1 1
15 D 150 2 1
15 D 150 3 1
15 D 150 1 1
15 D 150 1 1
16 L 9 7 1
16 L 3 6 1
16 L 8 3 1
16 L 15 7 1
16 L 2 2 1
16 D 152 7 1
16 D 152 3 1
16 D 152 2 1
17 L 3 2 1
17 L 9 3 1
17 D 154 2 1
18 L 3 2 1
18 L 8 2 1
18 L 9 2 1
18 L 7 4 1
18 D 156 2 1
18 D 156 2 1
19 L 9 1 1
19 L 3 1 1
19 L 15 2 1
19 D 158 1 1
19 D 158 2 1
20 L 0 6 1
20 L 4 6 1
20 L 1 5 1
20 D 160 6 1
20 D 160 5 1
21 L 4 4 1
21 L 0 5 1
21 D 162 4 1
22 L 9 4 1
22 L 8 5 1
22 D 164 4 1
23 L 1 6 1
23 L 14 4 1
23 L 0 4 1
23 L 5 5 1
23 L 8 2 1
23 L 6 4 1
23 D 166 6 1
23 D 166 4 1
23 D 166 2 1
24 L 11 5 1
24 L 12 4 1
24 L 4 1 1
24 L 7 3 1
24 L 13 2 1
24 D 168 5 1
24 D 168 1 1
24 D 168 2 1
25 L 9 5 1
25 L 8 3 1
25 D 170 5 1
26 L 11 3 1
26 L 4 3 1
26 D 172 3 1
27 L 1 3 1
27 L 0 2 1
27 L 14 1 1
27 L 5 1 1
27 D 174 3 1
27 D 174 1 1
28 L 8 4 1
28 L 9 3 1
28 D 176 4 1
29 L 4 2 1
29 L 11 1 1
29 L 0 2 1
29 D 178 2 1
29 D 178 2 1
0 L 4 7 1
0 L 11 5 1
0 L 0 9 1
0 L 5 3 1
0 L 7 6 1
0 D 31 7 1
0 D 31 9 1
0 D 31 6 1
1 L 0 4 1
1 L 5 5 1
1 L 1 4 1
1 D 77 4 1
1 D 77 4 1
2 L 4 2 1
2 L 11 2 1
2 L 13 1 1
2 D 99 2 1
2 D 99 1 1
3 L 4 3 1
3 L 7 5 1
3 L 13 4 1
3 L 11 5 1
3 L 15 3 1
3 L 12 4 1
3 L 3 2 1
3 L 0 4 1
3 L 9 2 1
3 L 8 3 1
3 L 1 8 1
3 L 5 4 1
3 D 115 3 1
3 D 115 4 1
3 D 115 3 1
3 D 115 2 1
3 D 115 2 1
3 D 115 8 1
4 L 0 3 1
4 L 4 2 1
4 L 5 3 1
4 L 11 4 1
4 L 1 7 1
4 L 10 1 1
4 L 7 4 1
4 L 15 2 1
4 L 13 3 1
4 L 12 3 1
4 L 8 2 1
4 L 3 1 1
4 D 125 3 1
4 D 125 3 1
4 D 125 7 1
4 D 125 4 1
4 D 125 3 1
4 D 125 2 1
5 L 4 2 1
5 L 7 1 1
5 L 12 1 1
5 L 9 2 1
5 L 1 2 1
5 L 10 1 1
5 L 6 1 1
5 L 4 5 1
5 L 7 2 1
5 D 133 2 1
5 D 133 1 1
5 D 133 2 1
5 D 133 1 1
5 D 133 2 1
6 L 11 4 1
6 L 10 4 1
6 L 0 4 1
6 D 141 4 1
6 D 141 4 1
7 L 4 3 1
7 L 0 2 1
7 L 1 2 1
7 D 149 3 1
7 D 149 2 1
8 L 11 8 1
8 L 12 2 1
8 L 4 2 1
8 L 10 2 1
8 L 7 7 1
8 L 13 3 1
8 D 153 8 1
8 D 153 2 1
8 D 153 7 1
9 L 14 2 1
9 L 6 5 1
9 L 8 2 1
9 L 1 8 1
9 L 9 1 1
9 L 3 5 1
9 L 5 6 1
9 D 157 2 1
9 D 157 2 1
9 D 157 1 1
9 D 157 6 1
10 L 0 1 1
10 L 5 6 1
10 L 4 9 1
10 L 14 2 1
10 L 8 5 1
10 L 11 5 1
10 L 15 2 1
10 L 6 9 1
10 L 3 3 1
10 D 161 1 1
10 D 161 9 1
10 D 161 5 1
10 D 161 2 1
10 D 161 3 1
11 L 0 2 1
11 L 1 2 1
11 L 5 4 1
11 L 14 2 1
11 L 4 6 1
11 D 165 2 1
11 D 165 4 1
11 D 165 6 1
12 L 15 4 1
12 L 3 1 1
12 L 9 1 1
12 D 169 4 1
12 D 169 1 1
13 L 7 2 1
13 L 6 1 1
13 L 12 1 1
13 L 11 2 1
13 D 173 2 1
13 D 173 1 1
14 L 8 3 1
14 L 9 3 1
14 D 177 3 1
15 L 4 2 1
15 L 0 1 1
15 L 11 1 1
15 D 180 2 1
15 D 180 1 1
16 L 0 3 1
16 L 5 3 1
16 L 10 2 1
16 D 182 3 1
16 D 182 2 1
17 L 4 1 1
17 L 0 2 1
17 L 1 1 1
17 L 15 2 1
17 D 184 1 1
17 D 184 1 1
18 L 12 10 1
18 L 7 3 1
18 L 11 6 1
18 L 13 6 1
18 L 4 1 1
18 D 186 10 1
18 D 186 6 1
18 D 186 1 1
19 L 8 6 1
19 L 3 6 1
19 L 9 6 1
19 L 15 6 1
19 D 188 6 1
19 D 188 6 1
20 L 0 3 1
20 L 1 5 1
20 L 4 5 1
20 L 5 4 1
20 D 190 3 1
20 D 190 5 1
21 L 4 6 1
21 L 7 3 1
21 D 192 6 1
22 L 7 1 1
22 L 13 2 1
22 L 12 2 1
22 D 194 1 1
22 D 194 2 1
23 L 1 7 1
23 L 0 2 1
23 L 5 2 1
23 L 14 3 1
23 L 6 2 1
23 L 4 6 1
23 L 8 1 1
23 L 15 1 1
23 L 3 6 1
23 L 9 5 1
23 L 11 2 1
23 L 7 2 1
23 L 13 2 1
23 L 10 4 1
23 L 2 2 1
23 L 1 1 1
23 L 5 1 1
23 D 196 7 1
23 D 196 2 1
23 D 196 2 1
23 D 196 1 1
23 D 196 6 1
23 D 196 2 1
23 D 196 2 1
23 D 196 2 1
23 D 196 1 1
24 L 6 3 1
24 L 14 1 1
24 L 8 2 1
24 D 198 3 1
24 D 198 2 1
25 L 15 1 1
25 L 3 1 1
25 L 4 1 1
25 L 7 1 1
25 D 200 1 1
25 D 200 1 1
26 L 8 3 1
26 L 14 1 1
26 L 6 3 1
26 L 1 2 1
26 L 9 5 1
26 L 3 3 1
26 L 15 2 1
26 D 202 3 1
26 D 202 3 1
26 D 202 5 1
26 D 202 2 1
27 L 14 1 1
27 L 4 1 1
27 L 3 2 1
27 L 15 2 1
27 D 204 1 1
27 D 204 2 1
28 L 15 10 1
28 L 3 5 1
28 L 9 7 1
28 L 8 5 1
28 L 4 1 1
28 D 206 10 1
28 D 206 7 1
28 D 206 1 1
29 L 15 2 1
29 L 4 3 1
29 L 3 11 1
29 L 7 5 1
29 D 208 2 1
29 D 208 11 1
0 L 0 5 1
0 L 5 5 1
0 L 10 4 1
0 L 11 1 1
0 D 61 5 1
0 D 61 4 1
1 L 11 6 1
1 L 10 4 1
1 D 107 6 1
2 L 15 8 1
2 L 3 7 1
2 L 4 2 1
2 L 9 4 1
2 D 129 8 1
2 D 129 2 1
3 L 1 10 1
3 L 5 6 1
3 L 14 4 1
3 L 0 2 1
3 D 145 10 1
3 D 145 4 1
4 L 1 4 1
4 L 0 8 1
4 L 5 2 1
4 D 155 4 1
4 D 155 2 1
5 L 1 4 1
5 L 14 2 1
5 L 0 1 1
5 D 163 4 1
5 D 163 1 1
6 L 1 5 1
6 L 0 4 1
6 L 5 1 1
6 L 14 5 1
6 D 171 5 1
6 D 171 1 1
7 L 0 5 1
7 L 4 5 1
7 L 5 7 1
7 D 179 5 1
7 D 179 7 1
8 L 11 5 1
8 L 4 3 1
8 L 10 3 1
8 D 183 5 1
8 D 183 3 1
9 L 6 3 1
9 L 14 4 1
9 D 187 3 1
10 L 4 4 1
10 L 11 2 1
10 L 7 1 1
10 D 191 4 1
10 D 191 1 1
11 L 1 5 1
11 L 0 5 1
11 L 5 3 1
11 D 195 5 1
11 D 195 3 1
12 L 14 3 1
12 L 1 2 1
12 D 199 3 1
13 L 11 1 1
13 L 10 4 1
13 L 4 4 1
13 D 203 1 1
13 D 203 4 1
14 L 8 2 1
14 L 9 4 1
14 L 15 1 1
14 D 207 2 1
14 D 207 1 1
15 L 15 5 1
15 L 3 7 1
15 L 9 3 1
15 D 210 5 1
15 D 210 3 1
16 L 15 1 1
16 L 3 2 1
16 L 8 1 1
16 L 7 1 1
16 D 212 1 1
16 D 212 1 1
17 L 0 3 1
17 L 4 5 1
17 L 5 4 1
17 D 214 3 1
17 D 214 4 1
18 L 11 4 1
18 L 0 2 1
18 L 7 6 1
18 L 12 6 1
18 L 13 2 1
18 L 1 4 1
18 D 216 4 1
18 D 216 6 1
18 D 216 2 1
19 L 0 8 1
19 L 5 4 1
19 L 10 2 1
19 L 4 4 1
19 L 11 6 1
19 D 218 8 1
19 D 218 2 1
19 D 218 6 1
20 L 4 3 1
20 L 0 3 1
20 L 5 1 1
20 L 1 1 1
20 D 220 3 1
20 D 220 1 1
21 L 0 1 1
21 L 5 3 1
21 L 4 6 1
21 D 222 1 1
21 D 222 6 1
22 L 15 1 1
22 L 9 2 1
22 L 14 1 1
22 L 13 1 1
22 L 0 1 1
22 D 224 1 1
22 D 224 1 1
22 D 224 1 1
23 L 11 3 1
23 L 0 2 1
23 L 10 1 1
23 L 5 3 1
23 L 7 2 1
23 D 226 3 1
23 D 226 1 1
23 D 226 2 1
24 L 15 6 1
24 L 4 4 1
24 L 3 4 1
24 D 228 6 1
24 D 228 4 1
25 L 0 3 1
25 L 1 5 1
25 L 5 1 1
25 D 230 3 1
25 D 230 1 1
26 L 4 4 1
26 L 0 7 1
26 L 15 4 1
26 L 1 10 1
26 D 232 4 1
26 D 232 4 1
27 L 7 4 1
27 L 13 8 1
27 L 12 11 1
27 L 4 4 1
27 L 15 9 1
27 D 234 4 1
27 D 234 11 1
27 D 234 9 1
28 L 11 9 1
28 L 0 3 1
28 L 7 6 1
28 D 236 9 1
28 D 236 6 1
29 L 4 1 1
29 L 15 3 1
29 L 1 3 1
29 L 8 5 1
29 L 3 3 1
29 L 0 2 1
29 D 238 1 1
29 D 238 3 1
29 D 238 3 1
0 L 5 6 1
0 L 4 2 1
0 L 1 2 1
0 L 11 3 1
0 L 7 2 1
0 D 91 6 1
0 D 91 2 1
0 D 91 2 1
1 L 4 1 1
1 L 11 2 1
1 L 7 2 1
1 L 12 1 1
1 L 13 2 1
1 L 0 1 1
1 L 15 2 1
1 L 10 6 1
1 D 137 1 1
1 D 137 2 1
1 D 137 2 1
1 D 137 2 1
2 L 4 1 1
2 L 11 1 1
2 L 1 2 1
2 D 159 1 1
2 D 159 2 1
3 L 15 1 1
3 L 3 1 1
3 L 9 1 1
3 L 4 1 1
3 D 175 1 1
3 D 175 1 1
4 L 4 7 1
4 L 11 4 1
4 L 7 5 1
4 L 13 4 1
4 L 12 4 1
4 L 15 7 1
4 D 185 7 1
4 D 185 5 1
4 D 185 4 1
5 L 1 3 1
5 L 0 3 1
5 L 4 2 1
5 L 14 1 1
5 L 8 1 1
5 L 15 1 1
5 L 9 2 1
5 L 7 1 1
5 D 193 3 1
5 D 193 2 1
5 D 193 1 1
5 D 193 2 1
6 L 8 2 1
6 L 9 4 1
6 D 201 2 1
7 L 4 10 1
7 L 7 5 1
7 L 13 3 1
7 D 209 10 1
7 D 209 3 1
8 L 7 3 1
8 L 4 5 1
8 L 13 1 1
8 L 12 3 1
8 L 11 4 1
8 L 15 2 1
8 L 3 3 1
8 L 9 3 1
8 L 0 1 1
8 L 8 2 1
8 D 213 3 1
8 D 213 1 1
8 D 213 4 1
8 D 213 3 1
8 D 213 1 1
9 L 11 4 1
9 L 4 1 1
9 D 217 4 1
10 L 0 6 1
10 L 5 3 1
10 L 1 5 1
10 L 4 3 1
10 D 221 6 1
10 D 221 5 1
11 L 3 1 1
11 L 14 2 1
11 L 4 1 1
11 L 1 1 1
11 L 7 2 1
11 L 13 3 1
11 D 225 1 1
11 D 225 1 1
11 D 225 2 1
12 L 14 2 1
12 L 1 3 1
12 L 6 3 1
12 L 5 3 1
12 D 229 2 1
12 D 229 3 1
13 L 8 1 1
13 L 2 4 1
13 L 3 1 1
13 L 1 2 1
13 L 15 1 1
13 L 5 1 1
13 L 4 1 1
13 L 7 4 1
13 D 233 1 1
13 D 233 1 1
13 D 233 1 1
13 D 233 1 1
14 L 10 4 1
14 L 11 4 1
14 L 4 6 1
14 D 237 4 1
14 D 237 6 1
15 L 4 3 1
15 L 7 4 1
15 L 13 4 1
15 D 240 3 1
15 D 240 4 1
16 L 1 2 1
16 L 4 2 1
16 L 8 2 1
16 D 242 2 1
16 D 242 2 1
17 L 1 2 1
17 L 14 2 1
17 L 5 4 1
17 L 6 3 1
17 L 0 6 1
17 L 8 9 1
17 L 4 2 1
17 L 9 1 1
17 D 244 2 1
17 D 244 4 1
17 D 244 6 1
17 D 244 2 1
18 L 12 2 1
18 L 11 7 1
18 L 7 5 1
18 L 4 6 1
18 L 13 5 1
18 L 10 1 1
18 L 15 2 1
18 L 0 1 1
18 L 3 3 1
18 L 9 2 1
18 L 5 5 1
18 L 1 4 1
18 L 8 4 1
18 L 14 5 1
18 L 6 2 1
18 L 2 4 1
18 L 12 3 1
18 L 11 2 1
18 L 7 2 1
18 L 4 3 1
18 D 246 2 1
18 D 246 5 1
18 D 246 5 1
18 D 246 2 1
18 D 246 3 1
18 D 246 5 1
18 D 246 4 1
18 D 246 2 1
18 D 246 3 1
18 D 246 2 1
19 L 14 2 1
19 L 0 1 1
19 L 5 3 1
19 D 248 2 1
19 D 248 3 1
20 L 13 7 1
20 L 15 8 1
20 D 250 7 1
21 L 15 7 1
21 L 3 10 1
21 D 252 7 1
22 L 6 3 1
22 L 14 4 1
22 L 2 6 1
22 L 9 4 1
22 D 254 3 1
22 D 254 6 1
23 L 3 2 1
23 L 15 8 1
23 L 9 1 1
23 D 256 2 1
23 D 256 1 1
24 L 0 1 1
24 L 11 1 1
24 L 10 1 1
24 D 258 1 1
24 D 258 1 1
25 L 7 1 1
25 L 12 1 1
25 D 260 1 1
26 L 8 2 1
26 L 3 1 1
26 L 15 3 1
26 D 262 2 1
26 D 262 3 1
27 L 0 3 1
27 L 5 6 1
27 L 1 3 1
27 D 264 3 1
27 D 264 3 1
28 L 15 3 1
28 L 3 5 1
28 L 9 4 1
28 L 8 2 1
28 L 4 1 1
28 D 266 3 1
28 D 266 4 1
28 D 266 1 1
29 L 15 4 1
29 L 3 3 1
29 L 13 4 1
29 D 268 4 1
29 D 268 4 1
0 L 0 5 1
0 L 5 6 1
0 L 1 7 1
0 D 121 5 1
0 D 121 7 1
1 L 1 6 1
1 L 14 4 1
1 L 5 6 1
1 L 0 5 1
1 L 6 3 1
1 D 167 6 1
1 D 167 6 1
1 D 167 3 1
2 L 4 4 1
2 L 7 7 1
2 L 11 5 1
2 L 12 4 1
2 D 189 4 1
2 D 189 5 1
3 L 11 6 1
3 L 10 4 1
3 L 4 3 1
3 D 205 6 1
3 D 205 3 1
4 L 11 3 1
4 L 12 7 1
4 L 4 6 1
4 D 215 3 1
4 D 215 6 1
5 L 10 2 1
5 L 0 4 1
5 L 11 2 1
5 L 5 4 1
5 D 223 2 1
5 D 223 2 1
6 L 0 7 1
6 L 5 8 1
6 L 1 3 1
6 D 231 7 1
6 D 231 3 1
7 L 15 4 1
7 L 4 1 1
7 D 239 4 1
8 L 4 5 1
8 L 10 4 1
8 D 243 5 1
9 L 10 3 1
9 L 11 3 1
9 L 4 1 1
9 L 0 6 1
9 D 247 3 1
9 D 247 1 1
10 L 1 2 1
10 L 0 2 1
10 L 14 1 1
10 L 6 2 1
10 D 251 2 1
10 D 251 1 1
11 L 0 4 1
11 L 5 1 1
11 L 1 4 1
11 L 14 3 1
11 L 4 1 1
11 L 10 2 1
11 L 11 6 1
11 L 6 2 1
11 L 8 1 1
11 L 7 3 1
11 D 255 4 1
11 D 255 4 1
11 D 255 1 1
11 D 255 6 1
11 D 255 1 1
12 L 9 7 1
12 L 8 5 1
12 L 3 7 1
12 L 15 1 1
12 L 2 3 1
12 D 259 7 1
12 D 259 7 1
12 D 259 3 1
13 L 0 1 1
13 L 5 2 1
13 L 4 3 1
13 D 263 1 1
13 D 263 3 1
14 L 7 3 1
14 L 4 9 1
14 D 267 3 1
15 L 4 1 1
15 L 15 2 1
15 L 7 2 1
15 L 3 2 1
15 L 8 1 1
15 L 13 3 1
15 L 9 2 1
15 L 5 3 1
15 L 11 5 1
15 L 14 1 1
15 L 12 2 1
15 L 6 3 1
15 L 10 5 1
15 L 2 3 1
15 L 4 2 1
15 L 15 1 1
15 L 0 1 1
15 L 7 1 1
15 L 3 2 1
15 D 270 1 1
15 D 270 2 1
15 D 270 1 1
15 D 270 2 1
15 D 270 5 1
15 D 270 2 1
15 D 270 5 1
15 D 270 2 1
15 D 270 1 1
15 D 270 2 1
16 L 4 9 1
16 L 11 1 1
16 L 0 3 1
16 D 272 9 1
16 D 272 3 1
17 L 15 1 1
17 L 6 1 1
17 L 14 1 1
17 L 1 1 1
17 L 4 2 1
17 L 7 1 1
17 L 10 3 1
17 L 8 2 1
17 L 9 3 1
17 D 274 1 1
17 D 274 1 1
17 D 274 2 1
17 D 274 3 1
17 D 274 3 1
18 L 0 6 1
18 L 5 3 1
18 L 1 3 1
18 D 276 6 1
18 D 276 3 1
19 L 8 1 1
19 L 9 5 1
19 L 3 2 1
19 D 278 1 1
19 D 278 2 1
20 L 4 5 1
20 L 7 3 1
20 L 13 1 1
20 D 280 5 1
20 D 280 1 1
21 L 11 3 1
21 L 4 2 1
21 L 12 4 1
21 L 7 1 1
21 D 282 3 1
21 D 282 4 1
22 L 1 4 1
22 L 0 4 1
22 L 5 4 1
22 L 14 4 1
22 L 4 7 1
22 L 8 2 1
22 L 6 4 1
22 L 15 5 1
22 D 284 4 1
22 D 284 4 1
22 D 284 7 1
22 D 284 4 1
23 L 4 3 1
23 L 7 5 1
23 L 11 6 1
23 D 286 3 1
23 D 286 6 1
24 L 11 1 1
24 L 10 2 1
24 L 5 1 1
24 L 7 2 1
24 L 12 2 1
24 L 13 3 1
24 L 14 2 1
24 L 15 3 1
24 L 3 1 1
24 L 9 1 1
24 L 4 3 1
24 L 11 2 1
24 L 0 2 1
24 D 288 1 1
24 D 288 1 1
24 D 288 2 1
24 D 288 2 1
24 D 288 1 1
24 D 288 3 1
24 D 288 2 1
25 L 4 6 1
25 L 7 2 1
25 L 13 3 1
25 D 290 6 1
25 D 290 3 1
26 L 0 7 1
26 L 14 3 1
26 L 5 6 1
26 L 8 6 1
26 L 4 4 1
26 L 6 6 1
26 D 292 7 1
26 D 292 6 1
26 D 292 4 1
27 L 1 9 1
27 L 14 4 1
27 D 294 9 1
28 L 7 3 1
28 L 4 3 1
28 L 13 7 1
28 L 12 10 1
28 L 11 6 1
28 D 296 3 1
28 D 296 7 1
28 D 296 6 1
29 L 11 2 1
29 L 10 6 1
29 D 298 2 1
0 L 10 2 1
0 L 11 1 1
0 L 0 1 1
0 L 4 2 1
0 L 5 7 1
0 D 151 2 1
0 D 151 1 1
0 D 151 7 1
1 L 11 5 1
1 L 4 5 1
1 L 0 2 1
1 L 5 1 1
1 D 197 5 1
1 D 197 2 1
2 L 8 3 1
2 L 14 2 1
2 L 1 1 1
2 L 9 6 1
2 D 219 3 1
2 D 219 1 1
3 L 4 3 1
3 L 7 6 1
3 L 13 4 1
3 D 235 3 1
3 D 235 4 1
4 L 15 1 1
4 L 3 4 1
4 L 8 3 1
4 L 9 4 1
4 L 4 3 1
4 L 7 2 1
4 L 13 4 1
4 L 14 4 1
4 L 1 3 1
4 D 245 1 1
4 D 245 3 1
4 D 245 3 1
4 D 245 4 1
4 D 245 3 1
5 L 1 2 1
5 L 5 1 1
5 L 14 2 1
5 D 253 2 1
5 D 253 2 1
6 L 15 1 1
6 L 3 2 1
6 L 7 2 1
6 L 8 1 1
6 D 261 1 1
6 D 261 2 1
7 L 4 5 1
7 L 11 3 1
7 L 7 4 1
7 D 269 5 1
7 D 269 4 1
8 L 7 5 1
8 L 4 2 1
8 L 13 4 1
8 L 3 2 1
8 D 273 5 1
8 D 273 4 1
9 L 4 1 1
9 L 11 2 1
9 L 7 2 1
9 L 12 2 1
9 L 13 2 1
9 L 15 1 1
9 L 0 1 1
9 L 10 2 1
9 L 3 3 1
9 D 277 1 1
9 D 277 2 1
9 D 277 2 1
9 D 277 1 1
9 D 277 3 1
10 L 15 2 1
10 L 7 1 1
10 L 13 1 1
10 L 0 1 1
10 L 11 1 1
10 L 12 2 1
10 L 5 1 1
10 D 281 2 1
10 D 281 1 1
10 D 281 1 1
10 D 281 1 1
11 L 15 2 1
11 L 3 4 1
11 L 8 5 1
11 L 9 5 1
11 D 285 2 1
11 D 285 5 1
12 L 4 1 1
12 L 7 5 1
12 L 15 2 1
12 D 289 1 1
12 D 289 2 1
13 L 10 3 1
13 L 12 4 1
13 L 4 2 1
13 D 293 3 1
13 D 293 2 1
14 L 7 1 1
14 L 13 1 1
14 L 4 1 1
14 D 297 1 1
14 D 297 1 1
15 L 15 4 1
15 L 7 4 1
15 L 13 7 1
15 L 4 4 1
15 L 3 6 1
15 L 9 2 1
15 L 8 3 1
15 L 12 2 1
15 L 11 1 1
15 L 0 6 1
15 L 1 5 1
15 D 300 4 1
15 D 300 7 1
15 D 300 6 1
15 D 300 3 1
15 D 300 1 1
15 D 300 5 1
16 L 4 3 1
16 L 7 4 1
16 L 11 2 1
16 L 12 1 1
16 L 15 3 1
16 L 3 10 1
16 L 0 6 1
16 L 9 5 1
16 L 10 8 1
16 L 1 4 1
16 L 5 4 1
16 L 8 3 1
16 D 302 3 1
16 D 302 2 1
16 D 302 3 1
16 D 302 6 1
16 D 302 8 1
16 D 302 4 1
17 L 14 5 1
17 L 6 5 1
17 L 1 6 1
17 L 8 2 1
17 D 304 5 1
17 D 304 6 1
18 L 8 2 1
18 L 9 1 1
18 L 15 1 1
18 D 306 2 1
18 D 306 1 1
19 L 8 8 1
19 L 14 6 1
19 L 6 5 1
19 L 1 4 1
19 L 9 4 1
19 L 3 2 1
19 L 15 2 1
19 D 308 8 1
19 D 308 5 1
19 D 308 4 1
19 D 308 2 1
20 L 1 7 1
20 L 14 9 1
20 L 5 3 1
20 L 6 2 1
20 D 310 7 1
20 D 310 3 1
21 L 4 5 1
21 L 7 2 1
21 L 15 2 1
21 L 12 3 1
21 L 11 4 1
21 L 9 2 1
21 D 312 5 1
21 D 312 2 1
21 D 312 4 1
22 L 14 3 1
22 L 8 2 1
22 L 1 5 1
22 D 314 3 1
22 D 314 5 1
23 L 0 5 1
23 L 4 4 1
23 L 5 2 1
23 L 11 1 1
23 L 1 3 1
23 D 316 5 1
23 D 316 2 1
23 D 316 3 1
24 L 1 2 1
24 L 0 3 1
24 L 5 2 1
24 L 14 2 1
24 L 4 3 1
24 D 318 2 1
24 D 318 2 1
24 D 318 3 1
25 L 12 1 1
25 L 11 5 1
25 L 7 3 1
25 D 320 1 1
25 D 320 3 1
26 L 7 1 1
26 L 4 4 1
26 L 12 2 1
26 L 15 1 1
26 L 11 3 1
26 L 9 1 1
26 D 322 1 1
26 D 322 2 1
26 D 322 3 1
27 L 4 4 1
27 L 11 4 1
27 L 0 5 1
27 L 5 6 1
27 L 1 7 1
27 D 324 4 1
27 D 324 5 1
27 D 324 7 1
28 L 6 5 1
28 L 14 3 1
28 D 326 5 1
29 L 2 9 1
29 L 8 4 1
29 L 6 8 1
29 D 328 9 1
29 D 328 8 1
0 L 15 4 1
0 L 8 7 1
0 L 9 3 1
0 D 181 4 1
0 D 181 3 1
1 L 0 3 1
1 L 11 3 1
1 D 227 3 1
2 L 10 3 1
2 L 0 4 1
2 L 11 3 1
2 L 4 2 1
2 D 249 3 1
2 D 249 3 1
3 L 4 1 1
3 L 11 2 1
3 L 15 1 1
3 L 0 3 1
3 L 8 4 1
3 L 1 5 1
3 L 5 1 1
3 L 10 1 1
3 L 14 4 1
3 L 6 1 1
3 D 265 1 1
3 D 265 1 1
3 D 265 4 1
3 D 265 1 1
3 D 265 4 1
4 L 8 1 1
4 L 6 2 1
4 L 9 1 1
4 L 14 2 1
4 L 3 2 1
4 D 275 1 1
4 D 275 1 1
4 D 275 2 1
5 L 15 6 1
5 L 4 6 1
5 L 3 5 1
5 L 7 4 1
5 L 13 6 1
5 D 283 6 1
5 D 283 5 1
5 D 283 6 1
6 L 4 5 1
6 L 5 5 1
6 L 11 3 1
6 L 1 5 1
6 L 10 2 1
6 L 7 6 1
6 L 14 2 1
6 L 15 3 1
6 D 291 5 1
6 D 291 3 1
6 D 291 2 1
6 D 291 2 1
7 L 9 1 1
7 L 13 1 1
7 L 7 3 1
7 L 8 1 1
7 L 4 1 1
7 L 12 1 1
7 L 2 1 1
7 L 14 1 1
7 D 299 1 1
7 D 299 3 1
7 D 299 1 1
7 D 299 1 1
8 L 10 3 1
8 L 0 5 1
8 L 5 4 1
8 L 11 2 1
8 L 4 2 1
8 D 303 3 1
8 D 303 4 1
8 D 303 2 1
9 L 8 2 1
9 L 9 4 1
9 L 3 8 1
9 D 307 2 1
9 D 307 8 1
10 L 0 2 1
10 L 4 8 1
10 L 5 4 1
10 D 311 2 1
10 D 311 4 1
11 L 2 3 1
11 L 9 1 1
11 L 8 4 1
11 L 3 2 1
11 L 15 3 1
11 D 315 3 1
11 D 315 4 1
11 D 315 3 1
12 L 14 8 1
12 L 5 2 1
12 L 6 3 1
12 D 319 8 1
12 D 319 3 1
13 L 11 1 1
13 L 10 7 1
13 L 4 3 1
13 L 0 5 1
13 L 5 6 1
13 D 323 1 1
13 D 323 3 1
13 D 323 6 1
14 L 0 5 1
14 L 1 6 1
14 L 5 5 1
14 L 4 3 1
14 L 14 2 1
14 L 11 3 1
14 L 6 4 1
14 L 8 2 1
14 L 15 3 1
14 L 7 3 1
14 L 3 4 1
14 L 9 6 1
14 L 10 3 1
14 L 13 5 1
14 L 12 3 1
14 D 327 5 1
14 D 327 5 1
14 D 327 2 1
14 D 327 4 1
14 D 327 3 1
14 D 327 4 1
14 D 327 3 1
14 D 327 3 1
15 L 14 2 1
15 L 6 3 1
15 L 8 4 1
15 D 330 2 1
15 D 330 4 1
16 L 7 5 1
16 L 15 4 1
16 L 13 2 1
16 L 0 5 1
16 D 332 5 1
16 D 332 2 1
17 L 11 4 1
17 L 4 1 1
17 L 7 4 1
17 D 334 4 1
17 D 334 4 1
18 L 0 4 1
18 L 4 6 1
18 L 5 10 1
18 L 11 3 1
18 L 1 4 1
18 L 10 3 1
18 L 14 6 1
18 D 336 4 1
18 D 336 10 1
18 D 336 4 1
18 D 336 6 1
19 L 11 7 1
19 L 4 3 1
19 L 7 4 1
19 D 338 7 1
19 D 338 4 1
20 L 4 6 1
20 L 11 4 1
20 L 0 6 1
20 D 340 6 1
20 D 340 6 1
21 L 15 3 1
21 L 3 5 1
21 L 13 2 1
21 L 9 2 1
21 L 7 4 1
21 L 8 3 1
21 L 12 2 1
21 D 342 3 1
21 D 342 2 1
21 D 342 4 1
21 D 342 2 1
22 L 0 3 1
22 L 5 3 1
22 D 344 3 1
23 L 4 4 1
23 L 7 2 1
23 L 15 4 1
23 L 11 4 1
23 L 13 3 1
23 L 0 5 1
23 L 3 2 1
23 L 12 4 1
23 L 1 1 1
23 L 9 4 1
23 D 346 4 1
23 D 346 4 1
23 D 346 3 1
23 D 346 2 1
23 D 346 1 1
24 L 5 7 1
24 L 0 3 1
24 D 348 7 1
25 L 11 7 1
25 L 10 2 1
25 L 4 5 1
25 L 0 5 1
25 L 5 4 1
25 L 7 3 1
25 L 12 6 1
25 L 1 2 1
25 D 350 7 1
25 D 350 5 1
25 D 350 4 1
25 D 350 6 1
26 L 15 3 1
26 L 3 1 1
26 L 8 4 1
26 D 352 3 1
26 D 352 4 1
27 L 4 4 1
27 L 7 1 1
27 L 13 4 1
27 L 11 3 1
27 D 354 4 1
27 D 354 4 1
28 L 15 3 1
28 L 8 1 1
28 L 9 1 1
28 L 4 2 1
28 L 1 1 1
28 L 14 1 1
28 L 7 1 1
28 L 0 2 1
28 D 356 3 1
28 D 356 1 1
28 D 356 1 1
28 D 356 1 1
29 L 4 2 1
29 L 0 1 1
29 L 11 3 1
29 D 358 2 1
29 D 358 3 1
0 L 7 2 1
0 L 11 4 1
0 L 13 1 1
0 L 12 3 1
0 L 15 6 1
0 D 211 2 1
0 D 211 1 1
0 D 211 6 1
1 L 4 5 1
1 L 7 3 1
1 L 13 6 1
1 L 12 3 1
1 D 257 5 1
1 D 257 6 1
2 L 7 5 1
2 L 4 3 1
2 L 12 4 1
2 L 13 1 1
2 L 11 2 1
2 L 15 3 1
2 L 3 2 1
2 L 9 5 1
2 L 0 3 1
2 L 10 5 1
2 L 8 1 1
2 L 1 6 1
2 L 5 3 1
2 L 14 5 1
2 L 6 3 1
2 L 2 3 1
2 L 7 3 1
2 L 4 4 1
2 L 12 3 1
2 D 279 5 1
2 D 279 4 1
2 D 279 2 1
2 D 279 2 1
2 D 279 3 1
2 D 279 1 1
2 D 279 3 1
2 D 279 3 1
2 D 279 3 1
2 D 279 3 1
3 L 0 1 1
3 L 4 2 1
3 L 1 1 1
3 L 11 2 1
3 D 295 1 1
3 D 295 1 1
4 L 8 3 1
4 L 6 3 1
4 L 9 1 1
4 L 14 2 1
4 L 3 2 1
4 D 305 3 1
4 D 305 1 1
4 D 305 2 1
5 L 7 3 1
5 L 12 4 1
5 L 4 5 1
5 D 313 3 1
5 D 313 5 1
6 L 8 1 1
6 L 9 2 1
6 D 321 1 1
7 L 11 4 1
7 L 4 1 1
7 L 10 2 1
7 L 12 2 1
7 D 329 4 1
7 D 329 2 1
8 L 15 3 1
8 L 4 2 1
8 L 9 7 1
8 L 7 5 1
8 D 333 3 1
8 D 333 7 1
9 L 8 2 1
9 L 9 4 1
9 L 3 6 1
9 D 337 2 1
9 D 337 6 1
10 L 1 3 1
10 L 14 3 1
10 L 0 1 1
10 L 5 5 1
10 L 8 1 1
10 L 6 2 1
10 L 4 2 1
10 D 341 3 1
10 D 341 1 1
10 D 341 1 1
10 D 341 2 1
11 L 15 2 1
11 L 3 4 1
11 L 9 2 1
11 L 8 4 1
11 L 4 2 1
11 L 7 2 1
11 L 13 3 1
11 L 1 3 1
11 L 6 1 1
11 L 0 3 1
11 L 2 2 1
11 L 5 3 1
11 L 12 2 1
11 L 11 2 1
11 L 9 1 1
11 L 4 1 1
11 L 1 1 1
11 L 15 3 1
11 D 345 2 1
11 D 345 2 1
11 D 345 2 1
11 D 345 3 1
11 D 345 1 1
11 D 345 2 1
11 D 345 2 1
11 D 345 1 1
11 D 345 1 1
12 L 13 5 1
12 L 15 5 1
12 L 7 5 1
12 D 349 5 1
12 D 349 5 1
13 L 4 1 1
13 L 7 1 1
13 L 3 2 1
13 L 13 5 1
13 D 353 1 1
13 D 353 2 1
14 L 8 2 1
14 L 6 7 1
14 L 14 3 1
14 D 357 2 1
14 D 357 3 1
15 L 10 5 1
15 L 11 6 1
15 L 4 2 1
15 L 0 4 1
15 L 5 5 1
15 D 360 5 1
15 D 360 2 1
15 D 360 5 1
16 L 8 1 1
16 L 6 1 1
16 L 14 2 1
16 L 9 6 1
16 L 3 2 1
16 D 362 1 1
16 D 362 2 1
16 D 362 2 1
17 L 1 1 1
17 L 0 3 1
17 L 14 2 1
17 L 5 2 1
17 D 364 1 1
17 D 364 2 1
18 L 0 1 1
18 L 1 3 1
18 L 14 1 1
18 L 10 2 1
18 D 366 1 1
18 D 366 1 1
19 L 11 2 1
19 L 1 1 1
19 L 3 1 1
19 L 14 1 1
19 L 9 1 1
19 L 8 1 1
19 L 2 1 1
19 L 11 1 1
19 D 368 2 1
19 D 368 1 1
19 D 368 1 1
19 D 368 1 1
20 L 11 1 1
20 L 4 2 1
20 L 7 1 1
20 L 13 2 1
20 L 0 3 1
20 L 5 2 1
20 L 15 1 1
20 L 3 2 1
20 D 370 1 1
20 D 370 1 1
20 D 370 3 1
20 D 370 1 1
21 L 10 1 1
21 L 11 4 1
21 L 4 2 1
21 L 0 5 1
21 L 5 2 1
21 L 1 8 1
21 L 7 1 1
21 D 372 1 1
21 D 372 2 1
21 D 372 2 1
21 D 372 1 1
22 L 8 5 1
22 L 14 5 1
22 L 1 6 1
22 L 3 4 1
22 D 374 5 1
22 D 374 6 1
23 L 4 3 1
23 L 15 5 1
23 L 7 1 1
23 L 3 8 1
23 L 9 2 1
23 D 376 3 1
23 D 376 1 1
23 D 376 2 1
24 L 1 2 1
24 L 0 2 1
24 L 14 1 1
24 D 378 2 1
24 D 378 1 1
25 L 0 3 1
25 L 5 6 1
25 L 1 1 1
25 L 10 2 1
25 L 4 6 1
25 L 11 4 1
25 D 380 3 1
25 D 380 1 1
25 D 380 6 1
26 L 4 3 1
26 L 15 1 1
26 L 3 2 1
26 D 382 3 1
26 D 382 2 1
27 L 5 3 1
27 L 1 3 1
27 D 384 3 1
28 L 1 1 1
28 L 14 1 1
28 L 5 3 1
28 L 0 4 1
28 D 386 1 1
28 D 386 3 1
29 L 11 6 1
29 L 4 4 1
29 L 0 8 1
29 L 5 3 1
29 D 388 6 1
29 D 388 8 1
0 L 14 2 1
0 L 1 3 1
0 L 6 3 1
0 L 5 1 1
0 L 0 2 1
0 L 8 2 1
0 L 9 2 1
0 D 241 2 1
0 D 241 3 1
0 D 241 2 1
0 D 241 2 1
1 L 0 5 1
1 L 4 6 1
1 D 287 5 1
2 L 1 3 1
2 L 14 2 1
2 L 5 1 1
2 L 8 3 1
2 L 4 1 1
2 L 3 4 1
2 L 15 1 1
2 D 309 3 1
2 D 309 1 1
2 D 309 1 1
2 D 309 1 1
3 L 0 3 1
3 L 1 4 1
3 D 325 3 1
4 L 4 1 1
4 L 0 2 1
4 L 1 1 1
4 L 5 3 1
4 L 14 1 1
4 L 15 2 1
4 D 335 1 1
4 D 335 1 1
4 D 335 1 1
5 L 8 3 1
5 L 2 2 1
5 L 3 1 1
5 D 343 3 1
5 D 343 1 1
6 L 15 1 1
6 L 3 2 1
6 L 9 3 1
6 L 8 2 1
6 L 4 1 1
6 L 7 1 1
6 L 13 1 1
6 L 1 1 1
6 L 0 1 1
6 D 351 1 1
6 D 351 3 1
6 D 351 1 1
6 D 351 1 1
6 D 351 1 1
7 L 0 3 1
7 L 10 3 1
7 L 11 2 1
7 D 359 3 1
7 D 359 2 1
8 L 8 3 1
8 L 1 5 1
8 L 14 5 1
8 L 15 9 1
8 L 3 5 1
8 D 363 3 1
8 D 363 5 1
8 D 363 5 1
9 L 4 4 1
9 L 11 4 1
9 L 0 1 1
9 L 10 5 1
9 L 5 4 1
9 L 7 5 1
9 L 1 6 1
9 L 12 3 1
9 L 13 8 1
9 L 15 4 1
9 D 367 4 1
9 D 367 1 1
9 D 367 4 1
9 D 367 6 1
9 D 367 8 1
10 L 12 1 1
10 L 7 4 1
10 L 13 2 1
10 L 4 4 1
10 D 371 1 1
10 D 371 2 1
11 L 11 1 1
11 L 10 1 1
11 L 4 2 1
11 D 375 1 1
11 D 375 2 1
12 L 9 1 1
12 L 3 2 1
12 L 15 2 1
12 L 0 1 1
12 L 4 2 1
12 L 7 1 1
12 L 12 1 1
12 L 11 2 1
12 L 8 10 1
12 D 379 1 1
12 D 379 2 1
12 D 379 2 1
12 D 379 1 1
12 D 379 10 1
13 L 15 4 1
13 L 7 4 1
13 D 383 4 1
14 L 3 5 1
14 L 15 6 1
14 D 387 5 1
15 L 3 1 1
15 L 9 4 1
15 L 8 3 1
15 L 13 1 1
15 L 4 1 1
15 L 2 1 1
15 L 14 2 1
15 L 0 2 1
15 D 390 1 1
15 D 390 3 1
15 D 390 1 1
15 D 390 2 1
16 L 4 4 1
16 L 11 2 1
16 L 7 3 1
16 D 392 4 1
16 D 392 3 1
17 L 4 8 1
17 L 7 5 1
17 L 11 5 1
17 L 13 2 1
17 D 394 8 1
17 D 394 5 1
18 L 4 3 1
18 L 15 4 1
18 L 3 3 1
18 D 396 3 1
18 D 396 3 1
19 L 3 1 1
19 L 15 2 1
19 L 9 1 1
19 L 8 1 1
19 L 4 1 1
19 D 398 1 1
19 D 398 1 1
19 D 398 1 1
20 L 0 1 1
20 L 4 1 1
20 L 11 1 1
20 L 14 1 1
20 L 8 1 1
20 L 3 1 1
20 L 13 2 1
20 L 9 1 1
20 D 400 1 1
20 D 400 1 1
20 D 400 1 1
20 D 400 2 1
21 L 15 1 1
21 L 13 2 1
21 L 7 2 1
21 D 402 1 1
21 D 402 2 1
22 L 1 5 1
22 L 0 7 1
22 L 5 6 1
22 L 14 5 1
22 L 4 5 1
22 L 8 6 1
22 L 15 3 1
22 D 404 5 1
22 D 404 6 1
22 D 404 5 1
22 D 404 3 1
23 L 15 3 1
23 L 3 2 1
23 L 9 3 1
23 D 406 3 1
23 D 406 3 1
24 L 5 1 1
24 L 1 3 1
24 L 4 3 1
24 L 10 1 1
24 D 408 1 1
24 D 408 3 1
25 L 15 6 1
25 L 3 2 1
25 D 410 6 1
26 L 4 2 1
26 L 11 4 1
26 L 7 3 1
26 D 412 2 1
26 D 412 3 1
27 L 8 2 1
27 L 9 4 1
27 L 3 2 1
27 D 414 2 1
27 D 414 2 1
28 L 0 1 1
28 L 5 1 1
28 L 4 2 1
28 D 416 1 1
28 D 416 2 1
29 L 9 1 1
29 L 3 3 1
29 D 418 1 1
0 L 15 4 1
0 L 7 1 1
0 D 271 4 1
1 L 8 4 1
1 L 3 2 1
1 D 317 4 1
2 L 8 3 1
2 L 9 7 1
2 L 15 3 1
2 D 339 3 1
2 D 339 3 1
3 L 10 2 1
3 L 0 1 1
3 L 11 2 1
3 L 4 1 1
3 D 355 2 1
3 D 355 2 1
4 L 14 3 1
4 L 1 2 1
4 L 5 4 1
4 D 365 3 1
4 D 365 4 1
5 L 1 1 1
5 L 0 1 1
5 L 5 2 1
5 D 373 1 1
5 D 373 2 1
6 L 4 7 1
6 L 0 7 1
6 D 381 7 1
7 L 11 3 1
7 L 0 1 1
7 L 7 1 1
7 L 5 3 1
7 D 389 3 1
7 D 389 1 1
8 L 9 5 1
8 L 8 4 1
8 D 393 5 1
9 L 4 5 1
9 L 11 3 1
9 L 0 2 1
9 L 7 5 1
9 L 5 5 1
9 L 10 1 1
9 D 397 5 1
9 D 397 2 1
9 D 397 5 1
10 L 7 4 1
10 L 13 2 1
10 L 12 2 1
10 L 4 7 1
10 D 401 4 1
10 D 401 2 1
11 L 5 2 1
11 L 0 6 1
11 D 405 2 1
12 L 3 1 1
12 L 4 3 1
12 L 9 1 1
12 D 409 1 1
12 D 409 1 1
13 L 2 3 1
13 L 9 5 1
13 L 8 4 1
13 L 15 5 1
13 L 6 9 1
13 L 14 4 1
13 L 13 6 1
13 D 413 3 1
13 D 413 4 1
13 D 413 9 1
13 D 413 6 1
14 L 7 1 1
14 L 13 2 1
14 L 12 3 1
14 L 4 8 1
14 L 15 4 1
14 D 417 1 1
14 D 417 3 1
14 D 417 4 1
15 L 4 1 1
15 L 15 5 1
15 D 420 1 1
16 L 0 7 1
16 L 5 3 1
16 D 422 7 1
17 L 4 5 1
17 L 13 6 1
17 L 15 1 1
17 L 12 5 1
17 L 11 2 1
17 D 424 5 1
17 D 424 1 1
17 D 424 2 1
18 L 4 1 1
18 L 12 2 1
18 L 7 3 1
18 L 0 2 1
18 D 426 1 1
18 D 426 3 1
19 L 1 3 1
19 L 14 7 1
19 D 428 3 1
20 L 4 2 1
20 L 0 6 1
20 L 1 9 1
20 L 5 4 1
20 D 430 2 1
20 D 430 9 1
21 L 4 4 1
21 L 11 4 1
21 L 0 3 1
21 L 7 3 1
21 L 1 1 1
21 L 5 2 1
21 L 15 2 1
21 L 13 1 1
21 L 12 5 1
21 L 3 2 1
21 L 14 5 1
21 L 8 2 1
21 L 9 5 1
21 L 10 1 1
21 L 6 4 1
21 L 2 2 1
21 L 4 3 1
21 D 432 4 1
21 D 432 3 1
21 D 432 1 1
21 D 432 2 1
21 D 432 5 1
21 D 432 5 1
21 D 432 5 1
21 D 432 4 1
21 D 432 3 1
22 L 0 1 1
22 L 5 2 1
22 L 6 2 1
22 D 434 1 1
22 D 434 2 1
23 L 4 5 1
23 L 7 3 1
23 L 13 1 1
23 L 12 7 1
23 D 436 5 1
23 D 436 1 1
24 L 6 3 1
24 L 14 5 1
24 L 8 3 1
24 D 438 3 1
24 D 438 3 1
25 L 0 3 1
25 L 5 8 1
25 L 10 4 1
25 L 4 2 1
25 L 1 1 1
25 L 14 6 1
25 D 440 3 1
25 D 440 4 1
25 D 440 1 1
26 L 10 2 1
26 L 11 6 1
26 L 0 2 1
26 D 442 2 1
26 D 442 2 1
27 L 13 2 1
27 L 7 1 1
27 L 3 2 1
27 L 9 1 1
27 D 444 2 1
27 D 444 2 1
28 L 0 3 1
28 L 5 2 1
28 L 1 5 1
28 L 14 2 1
28 L 4 2 1
28 L 6 2 1
28 L 11 4 1
28 L 8 1 1
28 D 446 3 1
28 D 446 5 1
28 D 446 2 1
28 D 446 4 1
29 L 15 4 1
29 L 4 1 1
29 D 448 4 1
0 L 7 4 1
0 L 13 7 1
0 D 301 4 1
1 L 4 10 1
1 L 15 5 1
1 L 3 6 1
1 L 7 2 1
1 L 8 9 1
1 L 0 8 1
1 L 9 3 1
1 L 13 5 1
1 L 1 5 1
1 L 14 6 1
1 L 11 3 1
1 D 347 10 1
1 D 347 6 1
1 D 347 9 1
1 D 347 3 1
1 D 347 5 1
1 D 347 3 1
2 L 14 1 1
2 L 6 5 1
2 L 5 2 1
2 L 8 2 1
2 L 0 5 1
2 L 9 1 1
2 L 3 1 1
2 D 369 1 1
2 D 369 2 1
2 D 369 5 1
2 D 369 1 1
3 L 1 4 1
3 L 0 2 1
3 L 14 3 1
3 D 385 4 1
3 D 385 3 1
4 L 0 2 1
4 L 5 2 1
4 D 395 2 1
5 L 0 1 1
5 L 5 3 1
5 D 403 1 1
6 L 4 3 1
6 L 11 3 1
6 L 7 5 1
6 D 411 3 1
6 D 411 5 1
7 L 6 4 1
7 L 14 8 1
7 L 8 5 1
7 L 1 4 1
7 L 9 3 1
7 D 419 4 1
7 D 419 5 1
7 D 419 3 1
8 L 1 2 1
8 L 14 2 1
8 L 0 2 1
8 L 6 3 1
8 L 8 3 1
8 D 423 2 1
8 D 423 2 1
8 D 423 3 1
9 L 4 6 1
9 L 0 2 1
9 D 427 6 1
10 L 4 1 1
10 L 11 1 1
10 L 13 1 1
10 L 12 2 1
10 D 431 1 1
10 D 431 1 1
11 L 0 3 1
11 L 4 2 1
11 L 5 7 1
11 L 11 1 1
11 L 1 3 1
11 L 10 4 1
11 L 7 3 1
11 L 14 2 1
11 L 15 3 1
11 L 13 1 1
11 D 435 3 1
11 D 435 7 1
11 D 435 3 1
11 D 435 3 1
11 D 435 3 1
12 L 8 5 1
12 L 3 3 1
12 L 9 5 1
12 L 15 9 1
12 L 14 3 1
12 L 6 3 1
12 D 439 5 1
12 D 439 5 1
12 D 439 3 1
13 L 4 1 1
13 L 11 5 1
13 L 0 3 1
13 L 7 3 1
13 L 5 3 1
13 D 443 1 1
13 D 443 3 1
13 D 443 3 1
14 L 1 1 1
14 L 14 3 1
14 L 0 4 1
14 L 8 9 1
14 L 5 3 1
14 L 4 4 1
14 L 6 5 1
14 L 15 5 1
14 D 447 1 1
14 D 447 4 1
14 D 447 3 1
14 D 447 5 1
15 L 4 2 1
15 L 7 3 1
15 L 13 1 1
15 L 12 5 1
15 L 11 2 1
15 D 450 2 1
15 D 450 1 1
15 D 450 2 1
16 L 0 1 1
16 L 5 3 1
16 L 4 2 1
16 L 6 1 1
16 L 3 3 1
16 L 9 3 1
16 L 13 1 1
16 L 12 2 1
16 L 10 2 1
16 L 1 3 1
16 D 452 1 1
16 D 452 2 1
16 D 452 3 1
16 D 452 1 1
16 D 452 2 1
17 L 0 5 1
17 L 5 4 1
17 L 4 3 1
17 L 11 2 1
17 L 14 1 1
17 L 10 1 1
17 L 7 9 1
17 L 6 6 1
17 L 15 3 1
17 L 8 3 1
17 L 13 3 1
17 L 3 5 1
17 D 454 5 1
17 D 454 3 1
17 D 454 1 1
17 D 454 9 1
17 D 454 3 1
17 D 454 3 1
18 L 4 2 1
18 L 7 5 1
18 L 13 2 1
18 D 456 2 1
18 D 456 2 1
19 L 12 2 1
19 L 7 3 1
19 L 4 4 1
19 L 13 1 1
19 L 10 4 1
19 D 458 2 1
19 D 458 4 1
19 D 458 4 1
20 L 1 8 1
20 L 5 3 1
20 L 0 1 1
20 D 460 8 1
20 D 460 1 1
21 L 0 5 1
21 L 4 3 1
21 L 11 7 1
21 L 5 5 1
21 D 462 5 1
21 D 462 7 1
22 L 4 1 1
22 L 7 2 1
22 L 11 1 1
22 L 15 3 1
22 L 13 1 1
22 L 0 1 1
22 L 3 2 1
22 L 12 3 1
22 L 1 5 1
22 D 464 1 1
22 D 464 1 1
22 D 464 1 1
22 D 464 2 1
22 D 464 5 1
23 L 15 4 1
23 L 4 2 1
23 L 3 2 1
23 L 13 1 1
23 D 466 4 1
23 D 466 2 1
24 L 0 4 1
24 L 4 4 1
24 L 5 2 1
24 L 11 7 1
24 L 1 1 1
24 D 468 4 1
24 D 468 2 1
24 D 468 1 1
25 L 3 5 1
25 L 15 5 1
25 L 9 4 1
25 L 8 6 1
25 L 13 6 1
25 D 470 5 1
25 D 470 4 1
25 D 470 6 1
26 L 8 2 1
26 L 6 2 1
26 L 9 2 1
26 L 14 4 1
26 D 472 2 1
26 D 472 2 1
27 L 15 1 1
27 L 9 1 1
27 L 8 1 1
27 D 474 1 1
27 D 474 1 1
28 L 13 1 1
28 L 8 2 1
28 L 12 3 1
28 D 476 1 1
28 D 476 3 1
29 L 10 3 1
29 L 11 2 1
29 L 4 6 1
29 L 0 1 1
29 L 5 3 1
29 L 1 3 1
29 L 7 3 1
29 L 12 2 1
29 L 13 4 1
29 L 15 3 1
29 D 478 3 1
29 D 478 6 1
29 D 478 3 1
29 D 478 3 1
29 D 478 4 1
0 L 1 4 1
0 L 4 5 1
0 L 8 2 1
0 D 331 4 1
0 D 331 2 1
1 L 7 1 1
1 L 13 2 1
1 L 15 1 1
1 L 3 2 1
1 L 8 1 1
1 L 0 1 1
1 L 10 2 1
1 L 1 2 1
1 L 5 2 1
1 L 14 1 1
1 L 7 1 1
1 L 13 2 1
1 D 377 1 1
1 D 377 1 1
1 D 377 1 1
1 D 377 2 1
1 D 377 2 1
1 D 377 1 1
2 L 4 3 1
2 L 7 3 1
2 L 11 4 1
2 D 399 3 1
2 D 399 4 1
3 L 15 7 1
3 L 3 3 1
3 L 9 6 1
3 L 13 6 1
3 L 7 9 1
3 D 415 7 1
3 D 415 6 1
3 D 415 9 1
4 L 4 6 1
4 L 15 3 1
4 L 3 4 1
4 L 7 5 1
4 L 13 2 1
4 D 425 6 1
4 D 425 4 1
4 D 425 2 1
5 L 7 4 1
5 L 4 5 1
5 L 13 3 1
5 L 12 5 1
5 L 11 5 1
5 D 433 4 1
5 D 433 3 1
5 D 433 5 1
6 L 5 1 1
6 L 0 2 1
6 L 1 1 1
6 L 14 3 1
6 L 6 4 1
6 L 4 7 1
6 L 10 3 1
6 D 441 1 1
6 D 441 1 1
6 D 441 4 1
6 D 441 3 1
7 L 0 4 1
7 L 4 2 1
7 L 5 2 1
7 L 1 2 1
7 L 11 5 1
7 L 14 2 1
7 L 7 5 1
7 D 449 4 1
7 D 449 2 1
7 D 449 5 1
7 D 449 5 1
8 L 15 2 1
8 L 3 2 1
8 L 9 2 1
8 L 7 2 1
8 D 453 2 1
8 D 453 2 1
9 L 1 5 1
9 L 14 6 1
9 L 8 5 1
9 L 0 3 1
9 L 5 5 1
9 L 6 2 1
9 L 3 6 1
9 L 4 2 1
9 L 15 7 1
9 L 9 3 1
9 L 7 3 1
9 L 13 5 1
9 L 11 3 1
9 L 2 3 1
9 L 12 2 1
9 L 10 7 1
9 D 457 5 1
9 D 457 5 1
9 D 457 5 1
9 D 457 6 1
9 D 457 7 1
9 D 457 3 1
9 D 457 3 1
9 D 457 2 1
10 L 15 2 1
10 L 4 2 1
10 L 3 1 1
10 D 461 2 1
10 D 461 1 1
11 L 8 3 1
11 L 9 2 1
11 D 465 3 1
12 L 9 2 1
12 L 3 2 1
12 L 15 4 1
12 L 2 4 1
12 L 6 2 1
12 L 14 3 1
12 L 1 3 1
12 L 4 3 1
12 L 13 2 1
12 L 7 1 1
12 D 469 2 1
12 D 469 4 1
12 D 469 2 1
12 D 469 3 1
12 D 469 2 1
13 L 8 4 1
13 L 9 1 1
13 L 2 3 1
13 L 6 3 1
13 L 14 5 1
13 L 1 2 1
13 L 13 2 1
13 L 7 4 1
13 L 5 2 1
13 D 473 4 1
13 D 473 3 1
13 D 473 5 1
13 D 473 2 1
13 D 473 2 1
14 L 14 3 1
14 L 1 3 1
14 L 6 4 1
14 D 477 3 1
14 D 477 4 1
15 L 8 2 1
15 L 9 3 1
15 L 3 5 1
15 L 15 6 1
15 L 2 3 1
15 D 480 2 1
15 D 480 5 1
15 D 480 3 1
16 L 4 1 1
16 L 7 3 1
16 L 13 3 1
16 D 482 1 1
16 D 482 3 1
17 L 9 1 1
17 L 3 4 1
17 L 2 3 1
17 L 6 3 1
17 L 1 3 1
17 L 13 3 1
17 L 7 1 1
17 L 0 3 1
17 D 484 1 1
17 D 484 3 1
17 D 484 3 1
17 D 484 1 1
18 L 4 1 1
18 L 3 1 1
18 D 486 1 1
19 L 4 2 1
19 L 7 3 1
19 L 12 1 1
19 D 488 2 1
19 D 488 1 1
20 L 10 5 1
20 L 12 2 1
20 L 13 3 1
20 D 490 5 1
20 D 490 3 1
21 L 8 2 1
21 L 15 1 1
21 L 2 3 1
21 D 492 2 1
21 D 492 3 1
22 L 3 1 1
22 L 9 1 1
22 L 7 1 1
22 L 1 1 1
22 D 494 1 1
22 D 494 1 1
23 L 14 8 1
23 L 6 4 1
23 D 496 8 1
24 L 11 4 1
24 L 4 1 1
24 L 0 1 1
24 D 498 4 1
24 D 498 1 1
25 L 15 1 1
25 L 7 2 1
25 L 3 1 1
25 L 9 4 1
25 L 4 3 1
25 L 12 4 1
25 L 8 1 1
25 L 11 3 1
25 L 2 1 1
25 L 0 2 1
25 L 14 4 1
25 L 6 3 1
25 L 5 1 1
25 L 15 3 1
25 D 500 1 1
25 D 500 1 1
25 D 500 3 1
25 D 500 1 1
25 D 500 1 1
25 D 500 4 1
25 D 500 1 1
26 L 1 3 1
26 L 5 7 1
26 D 502 3 1
27 L 8 4 1
27 L 14 4 1
27 L 3 4 1
27 D 504 4 1
27 D 504 4 1
28 L 15 2 1
28 L 3 3 1
28 L 8 5 1
28 D 506 2 1
28 D 506 5 1
29 L 0 1 1
29 L 5 2 1
29 L 14 2 1
29 L 11 1 1
29 D 508 1 1
29 D 508 2 1
0 L 7 3 1
0 L 12 1 1
0 L 13 2 1
0 L 11 1 1
0 L 8 1 1
0 D 361 3 1
0 D 361 2 1
0 D 361 1 1
1 L 3 3 1
1 L 9 2 1
1 L 8 2 1
1 L 13 1 1
1 L 7 1 1
1 D 407 3 1
1 D 407 2 1
1 D 407 1 1
2 L 0 1 1
2 L 4 1 1
2 L 5 1 1
2 L 11 2 1
2 D 429 1 1
2 D 429 1 1
3 L 7 9 1
3 L 12 5 1
3 L 4 7 1
3 D 445 9 1
3 D 445 7 1
4 L 9 1 1
4 L 3 2 1
4 L 2 3 1
4 D 455 1 1
4 D 455 3 1
5 L 12 1 1
5 L 7 3 1
5 L 13 1 1
5 D 463 1 1
5 D 463 1 1
6 L 12 8 1
6 L 7 5 1
6 L 13 3 1
6 D 471 8 1
6 D 471 3 1
7 L 0 2 1
7 L 4 1 1
7 L 1 1 1
7 L 14 2 1
7 L 11 4 1
7 D 479 2 1
7 D 479 1 1
7 D 479 4 1
8 L 8 7 1
8 L 9 9 1
8 L 3 3 1
8 L 6 5 1
8 L 14 6 1
8 L 15 4 1
8 L 2 5 1
8 L 1 3 1
8 L 0 5 1
8 L 5 3 1
8 L 4 2 1
8 L 7 1 1
8 L 13 4 1
8 L 12 11 1
8 L 11 1 1
8 L 10 9 1
8 L 8 6 1
8 D 483 7 1
8 D 483 3 1
8 D 483 6 1
8 D 483 5 1
8 D 483 5 1
8 D 483 2 1
8 D 483 4 1
8 D 483 1 1
8 D 483 6 1
9 L 14 1 1
9 L 1 2 1
9 L 6 6 1
9 L 5 2 1
9 D 487 1 1
9 D 487 6 1
10 L 4 6 1
10 L 0 6 1
10 L 11 4 1
10 D 491 6 1
10 D 491 4 1
11 L 15 1 1
11 L 3 3 1
11 L 7 1 1
11 L 13 2 1
11 L 9 1 1
11 L 4 1 1
11 L 8 3 1
11 L 12 1 1
11 L 11 1 1
11 L 1 2 1
11 L 0 2 1
11 L 2 1 1
11 L 5 2 1
11 L 15 1 1
11 L 3 1 1
11 L 9 2 1
11 L 12 1 1
11 L 1 2 1
11 L 0 3 1
11 L 14 1 1
11 L 5 2 1
11 L 6 2 1
11 D 495 1 1
11 D 495 1 1
11 D 495 1 1
11 D 495 3 1
11 D 495 1 1
11 D 495 2 1
11 D 495 2 1
11 D 495 1 1
11 D 495 1 1
11 D 495 3 1
11 D 495 2 1
12 L 14 3 1
12 L 1 3 1
12 L 6 3 1
12 L 5 6 1
12 L 0 1 1
12 D 499 3 1
12 D 499 3 1
12 D 499 1 1
13 L 4 4 1
13 L 11 4 1
13 L 7 4 1
13 L 12 6 1
13 L 13 2 1
13 D 503 4 1
13 D 503 4 1
13 D 503 2 1
14 L 0 3 1
14 L 5 2 1
14 L 1 6 1
14 L 14 2 1
14 L 11 3 1
14 L 8 3 1
14 L 10 2 1
14 D 507 3 1
14 D 507 6 1
14 D 507 3 1
14 D 507 2 1
15 L 15 6 1
15 L 13 1 1
15 L 7 3 1
15 L 3 2 1
15 L 9 1 1
15 D 510 6 1
15 D 510 3 1
15 D 510 1 1
16 L 11 2 1
16 L 10 3 1
16 L 4 3 1
16 D 512 2 1
16 D 512 3 1
17 L 11 5 1
17 L 4 1 1
17 L 10 1 1
17 D 514 5 1
17 D 514 1 1
18 L 7 1 1
18 L 11 3 1
18 L 13 5 1
18 L 15 2 1
18 L 0 2 1
18 D 516 1 1
18 D 516 5 1
18 D 516 2 1
19 L 8 1 1
19 L 14 1 1
19 L 3 2 1
19 L 15 2 1
19 L 6 2 1
19 D 518 1 1
19 D 518 2 1
19 D 518 2 1
20 L 0 1 1
20 L 4 2 1
20 D 520 1 1
21 L 0 2 1
21 L 5 3 1
21 D 522 2 1
22 L 15 1 1
22 L 3 1 1
22 L 7 3 1
22 L 9 1 1
22 L 12 3 1
22 L 4 1 1
22 L 8 2 1
22 D 524 1 1
22 D 524 3 1
22 D 524 3 1
22 D 524 2 1
23 L 0 2 1
23 L 5 2 1
23 L 1 4 1
23 D 526 2 1
23 D 526 4 1
24 L 7 6 1
24 L 4 4 1
24 L 11 9 1
24 L 13 3 1
24 D 528 6 1
24 D 528 9 1
25 L 4 8 1
25 L 0 2 1
25 L 11 1 1
25 L 5 2 1
25 L 1 3 1
25 D 530 8 1
25 D 530 1 1
25 D 530 3 1
26 L 15 8 1
26 L 3 4 1
26 L 9 4 1
26 L 8 5 1
26 L 4 5 1
26 D 532 8 1
26 D 532 4 1
26 D 532 5 1
27 L 11 2 1
27 L 12 4 1
27 L 4 3 1
27 L 7 5 1
27 L 10 2 1
27 L 13 3 1
27 L 0 6 1
27 D 534 2 1
27 D 534 3 1
27 D 534 2 1
27 D 534 6 1
28 L 0 3 1
28 L 1 4 1
28 L 5 2 1
28 L 14 2 1
28 L 4 5 1
28 L 8 2 1
28 L 6 1 1
28 L 11 1 1
28 L 3 1 1
28 L 7 1 1
28 L 9 1 1
28 L 13 1 1
28 L 12 3 1
28 L 2 3 1
28 L 0 3 1
28 L 1 4 1
28 L 5 2 1
28 L 14 4 1
28 D 536 3 1
28 D 536 2 1
28 D 536 5 1
28 D 536 1 1
28 D 536 1 1
28 D 536 1 1
28 D 536 3 1
28 D 536 3 1
28 D 536 2 1
29 L 7 3 1
29 L 4 3 1
29 L 13 5 1
29 L 12 3 1
29 L 11 1 1
29 D 538 3 1
29 D 538 5 1
29 D 538 1 1
0 L 14 1 1
0 L 8 2 1
0 L 15 2 1
0 L 7 2 1
0 D 391 1 1
0 D 391 2 1
1 L 15 2 1
1 L 9 2 1
1 L 4 1 1
1 L 7 4 1
1 L 14 2 1
1 D 437 2 1
1 D 437 1 1
1 D 437 2 1
2 L 8 1 1
2 L 6 1 1
2 L 14 1 1
2 D 459 1 1
2 D 459 1 1
3 L 0 3 1
3 L 4 2 1
3 L 11 7 1
3 L 5 2 1
3 L 1 2 1
3 L 7 2 1
3 D 475 3 1
3 D 475 7 1
3 D 475 2 1
4 L 0 6 1
4 L 5 3 1
4 L 1 5 1
4 L 4 1 1
4 D 485 6 1
4 D 485 5 1
5 L 8 3 1
5 L 9 6 1
5 D 493 3 1
6 L 2 7 1
6 L 8 4 1
6 L 9 6 1
6 L 3 4 1
6 L 6 3 1
6 D 501 7 1
6 D 501 6 1
6 D 501 3 1
7 L 15 2 1
7 L 3 5 1
7 L 9 2 1
7 L 8 5 1
7 D 509 2 1
7 D 509 2 1
8 L 15 4 1
8 L 3 2 1
8 L 7 5 1
8 D 513 4 1
8 D 513 5 1
9 L 8 1 1
9 L 2 2 1
9 L 9 1 1
9 L 3 3 1
9 D 517 1 1
9 D 517 1 1
10 L 4 2 1
10 L 10 3 1
10 L 0 2 1
10 L 7 2 1
10 L 12 1 1
10 D 521 2 1
10 D 521 2 1
10 D 521 1 1
11 L 1 9 1
11 L 5 6 1
11 L 14 7 1
11 L 0 4 1
11 L 6 8 1
11 L 8 3 1
11 L 4 4 1
11 D 525 9 1
11 D 525 7 1
11 D 525 8 1
11 D 525 4 1
12 L 8 6 1
12 L 6 6 1
12 L 14 5 1
12 L 1 7 1
12 D 529 6 1
12 D 529 5 1
13 L 1 2 1
13 L 0 1 1
13 L 14 2 1
13 D 533 2 1
13 D 533 2 1
14 L 4 1 1
14 L 5 1 1
14 D 537 1 1
15 L 15 2 1
15 L 3 1 1
15 L 8 4 1
15 D 540 2 1
15 D 540 4 1
16 L 0 4 1
16 L 5 5 1
16 D 542 4 1
17 L 4 4 1
17 L 11 3 1
17 L 0 1 1
17 D 544 4 1
17 D 544 1 1
18 L 4 5 1
18 L 0 6 1
18 L 11 5 1
18 D 546 5 1
18 D 546 5 1
19 L 0 1 1
19 L 1 1 1
19 D 548 1 1
20 L 15 3 1
20 L 3 5 1
20 L 9 2 1
20 D 550 3 1
20 D 550 2 1
21 L 10 1 1
21 L 11 6 1
21 L 0 1 1
21 L 5 2 1
21 L 4 4 1
21 L 7 3 1
21 D 552 1 1
21 D 552 1 1
21 D 552 4 1
22 L 14 4 1
22 L 1 4 1
22 L 8 11 1
22 L 6 5 1
22 L 0 3 1
22 L 5 3 1
22 L 3 8 1
22 D 554 4 1
22 D 554 11 1
22 D 554 3 1
22 D 554 8 1
23 L 15 1 1
23 L 3 4 1
23 L 4 2 1
23 L 8 4 1
23 D 556 1 1
23 D 556 2 1
24 L 4 3 1
24 L 7 3 1
24 D 558 3 1
25 L 10 2 1
25 L 11 2 1
25 L 0 4 1
25 L 4 2 1
25 L 5 4 1
25 L 1 5 1
25 L 7 2 1
25 L 12 2 1
25 L 13 4 1
25 L 14 1 1
25 L 15 2 1
25 L 3 3 1
25 L 8 1 1
25 L 6 3 1
25 L 9 5 1
25 D 560 2 1
25 D 560 4 1
25 D 560 4 1
25 D 560 2 1
25 D 560 4 1
25 D 560 2 1
25 D 560 1 1
25 D 560 5 1
26 L 8 5 1
26 L 14 2 1
26 L 9 3 1
26 L 3 5 1
26 L 0 2 1
26 D 562 5 1
26 D 562 3 1
26 D 562 2 1
27 L 8 1 1
27 L 15 1 1
27 L 3 1 1
27 L 9 1 1
27 D 564 1 1
27 D 564 1 1
28 L 4 10 1
28 L 11 3 1
28 L 0 4 1
28 L 7 3 1
28 L 10 2 1
28 D 566 10 1
28 D 566 4 1
28 D 566 2 1
29 L 8 6 1
29 L 6 9 1
29 L 14 4 1
29 L 9 2 1
29 L 3 5 1
29 L 1 4 1
29 L 15 7 1
29 L 2 6 1
29 L 5 2 1
29 L 0 6 1
29 L 4 6 1
29 L 7 1 1
29 L 13 4 1
29 D 568 6 1
29 D 568 4 1
29 D 568 5 1
29 D 568 7 1
29 D 568 2 1
29 D 568 6 1
29 D 568 4 1
0 L 4 3 1
0 L 0 7 1
0 L 1 5 1
0 L 5 2 1
0 D 421 3 1
0 D 421 5 1
1 L 8 2 1
1 L 3 2 1
1 L 9 1 1
1 L 0 3 1
1 L 4 2 1
1 D 467 2 1
1 D 467 1 1
1 D 467 2 1
2 L 14 1 1
2 L 6 4 1
2 D 489 1 1
3 L 11 5 1
3 L 4 5 1
3 L 10 5 1
3 L 0 3 1
3 L 7 2 1
3 L 12 7 1
3 L 5 4 1
3 D 505 5 1
3 D 505 5 1
3 D 505 2 1
3 D 505 4 1
4 L 4 4 1
4 L 3 1 1
4 D 515 4 1
5 L 4 3 1
5 L 12 5 1
5 L 7 1 1
5 L 10 2 1
5 D 523 3 1
5 D 523 1 1
6 L 0 1 1
6 L 4 1 1
6 L 11 3 1
6 L 5 1 1
6 L 10 3 1
6 L 1 2 1
6 D 531 1 1
6 D 531 3 1
6 D 531 3 1
7 L 4 5 1
7 L 7 4 1
7 L 11 5 1
7 L 13 3 1
7 L 15 2 1
7 L 0 2 1
7 D 539 5 1
7 D 539 5 1
7 D 539 2 1
8 L 14 4 1
8 L 1 1 1
8 L 6 9 1
8 L 8 3 1
8 L 5 4 1
8 L 0 9 1
8 L 9 6 1
8 L 3 3 1
8 L 15 4 1
8 L 4 3 1
8 D 543 4 1
8 D 543 9 1
8 D 543 4 1
8 D 543 6 1
8 D 543 4 1
9 L 10 6 1
9 L 11 4 1
9 L 4 4 1
9 D 547 6 1
9 D 547 4 1
10 L 11 1 1
10 L 12 1 1
10 L 4 1 1
10 L 7 4 1
10 L 13 3 1
10 D 551 1 1
10 D 551 1 1
10 D 551 3 1
11 L 2 3 1
11 L 8 2 1
11 L 9 3 1
11 L 3 1 1
11 D 555 3 1
11 D 555 3 1
12 L 8 2 1
12 L 9 8 1
12 L 3 6 1
12 L 15 4 1
12 L 2 2 1
12 L 6 3 1
12 D 559 2 1
12 D 559 6 1
12 D 559 2 1
13 L 8 1 1
13 L 14 3 1
13 L 6 3 1
13 L 9 3 1
13 L 3 1 1
13 D 563 1 1
13 D 563 3 1
13 D 563 1 1
14 L 8 6 1
14 L 9 2 1
14 L 3 2 1
14 D 567 6 1
14 D 567 2 1
15 L 9 1 1
15 L 15 1 1
15 L 2 2 1
15 L 13 1 1
15 L 4 1 1
15 L 6 3 1
15 L 12 3 1
15 L 0 1 1
15 L 11 2 1
15 L 10 1 1
15 D 570 1 1
15 D 570 2 1
15 D 570 1 1
15 D 570 3 1
15 D 570 2 1
16 L 0 6 1
16 L 5 3 1
16 L 4 5 1
16 D 572 6 1
16 D 572 5 1
17 L 6 3 1
17 L 8 4 1
17 L 14 2 1
17 L 2 3 1
17 D 574 3 1
17 D 574 2 1
18 L 0 4 1
18 L 5 9 1
18 L 4 7 1
18 L 1 5 1
18 L 11 3 1
18 L 10 8 1
18 L 14 12 1
18 L 7 5 1
18 L 15 9 1
18 L 12 3 1
18 D 576 4 1
18 D 576 7 1
18 D 576 3 1
18 D 576 12 1
18 D 576 9 1
19 L 5 3 1
19 L 1 2 1
19 D 578 3 1
20 L 15 3 1
20 L 4 2 1
20 D 580 3 1
21 L 15 3 1
21 L 3 4 1
21 L 7 3 1
21 D 582 3 1
21 D 582 3 1
22 L 4 1 1
22 L 0 1 1
22 L 10 1 1
22 L 5 2 1
22 D 584 1 1
22 D 584 1 1
23 L 15 3 1
23 L 3 3 1
23 L 13 5 1
23 L 7 6 1
23 L 9 4 1
23 D 586 3 1
23 D 586 5 1
23 D 586 4 1
24 L 7 1 1
24 L 12 1 1
24 L 13 1 1
24 L 11 1 1
24 L 15 2 1
24 L 3 1 1
24 D 588 1 1
24 D 588 1 1
24 D 588 2 1
25 L 4 6 1
25 L 7 6 1
25 L 13 6 1
25 D 590 6 1
25 D 590 6 1
26 L 0 1 1
26 L 10 5 1
26 L 11 2 1
26 D 592 1 1
26 D 592 2 1
27 L 15 3 1
27 L 13 6 1
27 L 7 3 1
27 D 594 3 1
27 D 594 3 1
28 L 11 5 1
28 L 4 1 1
28 L 7 2 1
28 D 596 5 1
28 D 596 2 1
29 L 11 2 1
29 L 4 1 1
29 L 7 2 1
29 L 12 1 1
29 L 13 1 1
29 D 598 2 1
29 D 598 2 1
29 D 598 1 1
0 L 15 3 1
0 L 3 4 1
0 L 4 3 1
0 L 8 2 1
0 L 9 3 1
0 D 451 3 1
0 D 451 3 1
0 D 451 3 1
1 L 4 1 1
1 L 0 3 1
1 L 1 1 1
1 L 15 2 1
1 D 497 1 1
1 D 497 1 1
2 L 4 4 1
2 L 0 3 1
2 L 15 4 1
2 D 519 4 1
2 D 519 4 1
3 L 15 1 1
3 L 8 3 1
3 L 7 1 1
3 L 2 5 1
3 L 4 3 1
3 L 14 6 1
3 L 6 2 1
3 L 12 3 1
3 D 535 1 1
3 D 535 1 1
3 D 535 3 1
3 D 535 2 1
4 L 3 1 1
4 L 9 1 1
4 L 8 2 1
4 L 13 2 1
4 L 2 2 1
4 L 4 1 1
4 D 545 1 1
4 D 545 2 1
4 D 545 2 1
5 L 11 1 1
5 L 4 4 1
5 D 553 1 1
6 L 0 2 1
6 L 11 3 1
6 L 1 2 1
6 L 10 2 1
6 L 7 2 1
6 L 14 3 1
6 L 15 3 1
6 D 561 2 1
6 D 561 2 1
6 D 561 2 1
6 D 561 3 1
7 L 3 1 1
7 L 8 2 1
7 L 9 4 1
7 D 569 1 1
7 D 569 4 1
8 L 14 3 1
8 L 1 4 1
8 D 573 3 1
9 L 9 3 1
9 L 3 2 1
9 L 8 1 1
9 L 15 2 1
9 L 2 5 1
9 D 577 3 1
9 D 577 1 1
9 D 577 5 1
10 L 8 4 1
10 L 9 2 1
10 L 3 6 1
10 D 581 4 1
10 D 581 6 1
11 L 15 6 1
11 L 3 4 1
11 L 7 2 1
11 L 4 4 1
11 D 585 6 1
11 D 585 2 1
12 L 14 1 1
12 L 11 1 1
12 L 8 3 1
12 L 6 1 1
12 L 10 1 1
12 L 13 1 1
12 D 589 1 1
12 D 589 3 1
12 D 589 1 1
13 L 15 5 1
13 L 13 3 1
13 L 7 3 1
13 D 593 5 1
13 D 593 3 1
14 L 15 1 1
14 L 3 7 1
14 D 597 1 1
15 L 10 3 1
15 L 11 4 1
15 L 4 1 1
15 L 12 4 1
15 L 7 1 1
15 L 0 3 1
15 L 13 2 1
15 L 5 4 1
15 D 600 3 1
15 D 600 1 1
15 D 600 1 1
15 D 600 2 1
16 L 15 1 1
16 L 3 1 1
16 L 9 1 1
16 D 602 1 1
16 D 602 1 1
17 L 11 2 1
17 L 4 4 1
17 L 12 3 1
17 L 7 5 1
17 D 604 2 1
17 D 604 3 1
18 L 0 2 1
18 L 5 1 1
18 D 606 2 1
19 L 9 2 1
19 L 8 3 1
19 L 3 4 1
19 D 608 2 1
19 D 608 4 1
20 L 2 1 1
20 L 8 3 1
20 D 610 1 1
21 L 8 5 1
21 L 14 3 1
21 L 1 4 1
21 L 6 2 1
21 L 3 6 1
21 L 9 5 1
21 D 612 5 1
21 D 612 4 1
21 D 612 6 1
22 L 8 4 1
22 L 9 1 1
22 L 3 9 1
22 L 15 1 1
22 D 614 4 1
22 D 614 9 1
23 L 15 3 1
23 L 3 1 1
23 L 13 2 1
23 L 8 1 1
23 L 7 1 1
23 L 4 5 1
23 L 2 5 1
23 L 12 2 1
23 L 14 2 1
23 L 6 3 1
23 L 11 5 1
23 D 616 3 1
23 D 616 2 1
23 D 616 1 1
23 D 616 5 1
23 D 616 2 1
23 D 616 5 1
24 L 4 2 1
24 L 7 2 1
24 L 15 5 1
24 L 11 3 1
24 L 3 1 1
24 D 618 2 1
24 D 618 5 1
24 D 618 1 1
25 L 1 2 1
25 L 5 1 1
25 D 620 2 1
26 L 11 6 1
26 L 10 7 1
26 L 4 7 1
26 D 622 6 1
26 D 622 7 1
27 L 8 4 1
27 L 9 9 1
27 L 3 3 1
27 L 15 6 1
27 D 624 4 1
27 D 624 3 1
28 L 7 6 1
28 L 4 3 1
28 L 13 6 1
28 D 626 6 1
28 D 626 6 1
29 L 11 4 1
29 L 4 1 1
29 L 7 4 1
29 D 628 4 1
29 D 628 4 1
0 L 4 7 1
0 L 15 3 1
0 L 3 4 1
0 D 481 7 1
0 D 481 4 1
1 L 3 3 1
1 L 9 2 1
1 L 15 3 1
1 L 8 3 1
1 L 13 2 1
1 D 527 3 1
1 D 527 3 1
1 D 527 2 1
2 L 6 1 1
2 L 2 3 1
2 L 9 2 1
2 D 549 1 1
2 D 549 2 1
3 L 0 5 1
3 L 1 10 1
3 L 5 5 1
3 L 4 2 1
3 L 14 5 1
3 D 565 5 1
3 D 565 5 1
3 D 565 5 1
4 L 1 2 1
4 L 14 3 1
4 L 0 3 1
4 L 4 1 1
4 L 5 1 1
4 D 575 2 1
4 D 575 3 1
4 D 575 1 1
5 L 9 1 1
5 L 3 3 1
5 L 8 4 1
5 D 583 1 1
5 D 583 4 1
6 L 5 1 1
6 L 1 2 1
6 D 591 1 1
7 L 8 2 1
7 L 3 1 1
7 L 15 1 1
7 L 9 2 1
7 L 4 1 1
7 D 599 2 1
7 D 599 1 1
7 D 599 1 1
8 L 4 2 1
8 L 0 2 1
8 L 1 3 1
8 D 603 2 1
8 D 603 3 1
9 L 6 4 1
9 L 14 1 1
9 L 9 1 1
9 L 1 1 1
9 L 3 1 1
9 D 607 4 1
9 D 607 1 1
9 D 607 1 1
10 L 8 2 1
10 L 9 2 1
10 L 3 5 1
10 L 15 3 1
10 D 611 2 1
10 D 611 5 1
11 L 4 4 1
11 L 7 2 1
11 L 13 1 1
11 L 11 2 1
11 D 615 4 1
11 D 615 1 1
12 L 1 1 1
12 L 14 3 1
12 D 619 1 1
13 L 0 1 1
13 L 13 1 1
13 L 12 1 1
13 D 623 1 1
13 D 623 1 1
14 L 4 2 1
14 L 7 5 1
14 L 13 4 1
14 D 627 2 1
14 D 627 4 1
15 L 0 3 1
15 L 4 2 1
15 L 11 1 1
15 L 5 2 1
15 D 630 3 1
15 D 630 1 1
16 L 4 4 1
16 L 7 3 1
16 L 11 2 1
16 L 13 2 1
16 D 632 4 1
16 D 632 2 1
17 L 4 4 1
17 L 15 5 1
17 L 3 4 1
17 D 634 4 1
17 D 634 4 1
18 L 4 4 1
18 L 11 1 1
18 L 0 8 1
18 D 636 4 1
18 D 636 8 1
19 L 8 1 1
19 L 9 2 1
19 L 3 2 1
19 D 638 1 1
19 D 638 2 1
20 L 8 2 1
20 L 14 1 1
20 L 2 4 1
20 D 640 2 1
20 D 640 4 1
21 L 15 5 1
21 L 4 5 1
21 L 3 2 1
21 D 642 5 1
21 D 642 2 1
22 L 7 7 1
22 L 13 2 1
22 L 12 2 1
22 L 4 2 1
22 D 644 7 1
22 D 644 2 1
23 L 11 4 1
23 L 10 4 1
23 D 646 4 1
24 L 15 4 1
24 L 3 6 1
24 L 9 4 1
24 D 648 4 1
24 D 648 4 1
25 L 7 2 1
25 L 13 1 1
25 L 11 1 1
25 D 650 2 1
25 D 650 1 1
26 L 8 8 1
26 L 9 7 1
26 L 3 3 1
26 L 15 2 1
26 L 6 5 1
26 L 2 6 1
26 L 14 2 1
26 D 652 8 1
26 D 652 3 1
26 D 652 5 1
26 D 652 2 1
27 L 2 5 1
27 L 8 1 1
27 L 9 3 1
27 D 654 5 1
27 D 654 3 1
28 L 11 3 1
28 L 0 2 1
28 D 656 3 1
29 L 8 1 1
29 L 4 3 1
29 L 7 1 1
29 L 13 1 1
29 L 6 2 1
29 D 658 1 1
29 D 658 1 1
29 D 658 2 1
0 L 6 7 1
0 L 14 3 1
0 L 1 5 1
0 D 511 7 1
0 D 511 5 1
1 L 15 2 1
1 L 3 1 1
1 L 8 1 1
1 L 9 4 1
1 D 557 2 1
1 D 557 1 1
2 L 0 1 1
2 L 5 2 1
2 L 11 2 1
2 L 1 3 1
2 L 7 1 1
2 D 579 1 1
2 D 579 2 1
2 D 579 1 1
3 L 4 4 1
3 L 0 4 1
3 L 1 5 1
3 L 5 6 1
3 L 11 11 1
3 L 7 5 1
3 L 14 7 1
3 L 15 7 1
3 L 13 7 1
3 L 3 1 1
3 D 595 4 1
3 D 595 5 1
3 D 595 11 1
3 D 595 7 1
3 D 595 7 1
4 L 7 2 1
4 L 10 3 1
4 L 1 1 1
4 L 6 2 1
4 L 11 2 1
4 L 4 1 1
4 D 605 2 1
4 D 605 1 1
4 D 605 2 1
5 L 1 2 1
5 L 14 2 1
5 L 5 1 1
5 L 0 2 1
5 L 6 2 1
5 D 613 2 1
5 D 613 1 1
5 D 613 2 1
6 L 15 4 1
6 L 3 3 1
6 L 4 4 1
6 L 7 5 1
6 D 621 4 1
6 D 621 4 1
7 L 15 5 1
7 L 3 8 1
7 L 4 2 1
7 L 8 3 1
7 L 9 3 1
7 D 629 5 1
7 D 629 2 1
7 D 629 3 1
8 L 9 3 1
8 L 8 1 1
8 L 4 3 1
8 D 633 3 1
8 D 633 3 1
9 L 15 3 1
9 L 3 1 1
9 L 9 7 1
9 L 13 7 1
9 L 7 4 1
9 L 8 4 1
9 L 4 3 1
9 L 12 2 1
9 L 2 4 1
9 L 14 3 1
9 D 637 3 1
9 D 637 7 1
9 D 637 4 1
9 D 637 3 1
9 D 637 4 1
10 L 14 1 1
10 L 6 6 1
10 D 641 1 1
11 L 7 1 1
11 L 15 1 1
11 L 11 1 1
11 L 13 1 1
11 D 645 1 1
11 D 645 1 1
12 L 0 4 1
12 L 4 3 1
12 L 5 2 1
12 L 11 2 1
12 L 1 3 1
12 D 649 4 1
12 D 649 2 1
12 D 649 3 1
13 L 11 3 1
13 L 10 3 1
13 L 12 4 1
13 L 4 5 1
13 L 7 5 1
13 D 653 3 1
13 D 653 4 1
13 D 653 5 1
14 L 15 9 1
14 L 4 8 1
14 L 3 2 1
14 L 7 5 1
14 L 9 7 1
14 L 8 10 1
14 L 13 8 1
14 L 0 3 1
14 L 1 8 1
14 L 14 2 1
14 L 11 2 1
14 L 12 4 1
14 D 657 9 1
14 D 657 2 1
14 D 657 7 1
14 D 657 8 1
14 D 657 8 1
14 D 657 2 1
15 L 10 4 1
15 L 11 10 1
15 L 0 3 1
15 L 4 3 1
15 L 5 5 1
15 L 1 4 1
15 L 7 4 1
15 L 12 4 1
15 L 14 6 1
15 L 13 6 1
15 D 660 4 1
15 D 660 3 1
15 D 660 5 1
15 D 660 4 1
15 D 660 6 1
16 L 12 6 1
16 L 7 7 1
16 L 4 5 1
16 L 13 4 1
16 D 662 6 1
16 D 662 5 1
17 L 4 2 1
17 L 7 2 1
17 L 0 2 1
17 L 13 3 1
17 L 5 1 1
17 L 1 2 1
17 L 3 1 1
17 D 664 2 1
17 D 664 2 1
17 D 664 1 1
17 D 664 1 1
18 L 8 7 1
18 L 9 2 1
18 L 3 7 1
18 L 15 12 1
18 L 2 3 1
18 L 6 5 1
18 L 14 4 1
18 L 1 8 1
18 D 666 7 1
18 D 666 7 1
18 D 666 3 1
18 D 666 4 1
19 L 8 1 1
19 L 15 1 1
19 L 2 2 1
19 D 668 1 1
19 D 668 2 1
20 L 15 5 1
20 L 4 2 1
20 L 9 1 1
20 L 7 3 1
20 D 670 5 1
20 D 670 1 1
21 L 5 5 1
21 L 0 2 1
21 D 672 5 1
22 L 4 2 1
22 L 11 2 1
22 D 674 2 1
23 L 4 5 1
23 L 7 3 1
23 D 676 5 1
24 L 4 4 1
24 L 1 1 1
24 D 678 4 1
25 L 4 2 1
25 L 7 2 1
25 L 13 3 1
25 L 12 6 1
25 L 15 3 1
25 L 3 4 1
25 L 0 5 1
25 D 680 2 1
25 D 680 3 1
25 D 680 3 1
25 D 680 5 1
26 L 4 7 1
26 L 7 11 1
26 L 13 1 1
26 L 11 5 1
26 D 682 7 1
26 D 682 1 1
27 L 8 3 1
27 L 6 3 1
27 L 14 1 1
27 D 684 3 1
27 D 684 1 1
28 L 10 2 1
28 L 12 1 1
28 L 7 1 1
28 D 686 2 1
28 D 686 1 1
29 L 0 3 1
29 L 4 5 1
29 L 5 4 1
29 L 11 6 1
29 L 1 2 1
29 L 10 4 1
29 D 688 3 1
29 D 688 4 1
29 D 688 2 1
0 L 7 4 1
0 L 4 3 1
0 L 13 4 1
0 D 541 4 1
0 D 541 4 1
1 L 4 2 1
1 L 11 2 1
1 L 0 3 1
1 L 5 2 1
1 D 587 2 1
1 D 587 3 1
2 L 15 1 1
2 L 13 5 1
2 L 3 3 1
2 L 9 1 1
2 L 12 1 1
2 L 4 2 1
2 D 609 1 1
2 D 609 3 1
2 D 609 1 1
3 L 4 1 1
3 L 0 2 1
3 L 5 1 1
3 L 10 3 1
3 L 1 3 1
3 L 13 4 1
3 D 625 1 1
3 D 625 1 1
3 D 625 3 1
4 L 2 1 1
4 L 9 2 1
4 D 635 1 1
5 L 1 7 1
5 L 14 6 1
5 L 5 6 1
5 L 0 8 1
5 D 643 7 1
5 D 643 6 1
6 L 0 4 1
6 L 4 6 1
6 D 651 4 1
7 L 8 1 1
7 L 1 1 1
7 D 659 1 1
8 L 4 2 1
8 L 0 4 1
8 L 11 6 1
8 D 663 2 1
8 D 663 6 1
9 L 14 1 1
9 L 6 1 1
9 L 1 1 1
9 L 5 1 1
9 L 0 2 1
9 D 667 1 1
9 D 667 1 1
9 D 667 2 1
10 L 4 6 1
10 L 7 5 1
10 D 671 6 1
11 L 0 4 1
11 L 4 3 1
11 L 5 3 1
11 D 675 4 1
11 D 675 3 1
12 L 0 3 1
12 L 5 5 1
12 D 679 3 1
13 L 15 3 1
13 L 3 5 1
13 L 9 5 1
13 L 8 6 1
13 L 4 3 1
13 L 7 3 1
13 L 13 7 1
13 D 683 3 1
13 D 683 5 1
13 D 683 3 1
13 D 683 7 1
14 L 4 1 1
14 L 5 1 1
14 D 687 1 1
15 L 8 4 1
15 L 2 6 1
15 L 6 8 1
15 L 9 2 1
15 L 3 12 1
15 L 14 9 1
15 D 690 4 1
15 D 690 8 1
15 D 690 12 1
16 L 8 3 1
16 L 3 1 1
16 L 15 1 1
16 L 9 1 1
16 D 692 3 1
16 D 692 1 1
17 L 6 4 1
17 L 14 1 1
17 L 1 4 1
17 D 694 4 1
17 D 694 4 1
18 L 4 3 1
18 L 0 3 1
18 L 5 3 1
18 D 696 3 1
18 D 696 3 1
19 L 11 3 1
19 L 13 1 1
19 D 698 3 1
20 L 3 4 1
20 L 15 2 1
20 L 9 3 1
20 D 700 4 1
20 D 700 3 1
21 L 0 5 1
21 L 4 4 1
21 D 702 5 1
22 L 7 1 1
22 L 6 1 1
22 L 10 2 1
22 L 4 7 1
22 L 1 6 1
22 D 704 1 1
22 D 704 2 1
22 D 704 6 1
23 L 4 3 1
23 L 15 2 1
23 L 3 5 1
23 L 8 1 1
23 L 9 2 1
23 L 7 2 1
23 L 1 4 1
23 L 0 1 1
23 L 13 4 1
23 L 14 3 1
23 L 5 1 1
23 L 11 2 1
23 L 6 1 1
23 L 12 3 1
23 L 2 2 1
23 L 4 3 1
23 D 706 3 1
23 D 706 5 1
23 D 706 2 1
23 D 706 4 1
23 D 706 4 1
23 D 706 1 1
23 D 706 1 1
23 D 706 2 1
24 L 15 7 1
24 L 4 2 1
24 L 7 9 1
24 D 708 7 1
24 D 708 9 1
25 L 0 1 1
25 L 1 1 1
25 L 5 1 1
25 D 710 1 1
25 D 710 1 1
26 L 15 1 1
26 L 9 2 1
26 L 4 1 1
26 D 712 1 1
26 D 712 1 1
27 L 11 4 1
27 L 4 2 1
27 D 714 4 1
28 L 9 2 1
28 L 3 4 1
28 L 8 6 1
28 D 716 2 1
28 D 716 6 1
29 L 4 8 1
29 L 15 3 1
29 L 3 4 1
29 L 1 5 1
29 D 718 8 1
29 D 718 4 1
0 L 3 5 1
0 L 15 4 1
0 L 8 4 1
0 L 9 2 1
0 L 4 5 1
0 L 14 5 1
0 L 7 4 1
0 D 571 5 1
0 D 571 4 1
0 D 571 5 1
0 D 571 4 1
1 L 4 6 1
1 L 10 3 1
1 L 0 2 1
1 L 5 3 1
1 D 617 6 1
1 D 617 2 1
2 L 9 3 1
2 L 8 4 1
2 L 3 3 1
2 L 15 1 1
2 D 639 3 1
2 D 639 3 1
3 L 10 2 1
3 L 0 3 1
3 L 12 1 1
3 L 5 2 1
3 D 655 2 1
3 D 655 1 1
4 L 1 2 1
4 L 0 1 1
4 L 5 4 1
4 L 14 2 1
4 L 6 8 1
4 L 4 3 1
4 D 665 2 1
4 D 665 4 1
4 D 665 8 1
5 L 15 2 1
5 L 4 3 1
5 D 673 2 1
6 L 0 4 1
6 L 1 9 1
6 L 5 6 1
6 D 681 4 1
6 D 681 6 1
7 L 14 4 1
7 L 1 5 1
7 D 689 4 1
8 L 4 2 1
8 L 0 2 1
8 L 7 1 1
8 D 693 2 1
8 D 693 1 1
9 L 15 4 1
9 L 3 6 1
9 L 9 8 1
9 D 697 4 1
9 D 697 8 1
10 L 0 3 1
10 L 5 3 1
10 L 1 4 1
10 L 4 3 1
10 L 6 3 1
10 D 701 3 1
10 D 701 4 1
10 D 701 3 1
11 L 11 5 1
11 L 13 2 1
11 L 0 2 1
11 L 5 1 1
11 D 705 5 1
11 D 705 2 1
12 L 4 2 1
12 L 1 2 1
12 L 5 5 1
12 L 15 2 1
12 D 709 2 1
12 D 709 5 1
13 L 0 8 1
13 L 5 1 1
13 L 1 2 1
13 D 713 8 1
13 D 713 2 1
14 L 8 11 1
14 L 9 5 1
14 L 3 5 1
14 L 6 6 1
14 L 15 8 1
14 L 14 6 1
14 L 2 4 1
14 L 1 4 1
14 L 0 7 1
14 D 717 11 1
14 D 717 5 1
14 D 717 8 1
14 D 717 4 1
14 D 717 7 1
15 L 4 1 1
15 L 0 2 1
15 L 1 3 1
15 D 720 1 1
15 D 720 3 1
16 L 9 1 1
16 L 14 1 1
16 L 13 1 1
16 L 7 1 1
16 L 0 2 1
16 L 5 2 1
16 L 12 1 1
16 L 10 4 1
16 L 3 2 1
16 L 15 1 1
16 D 722 1 1
16 D 722 1 1
16 D 722 2 1
16 D 722 1 1
16 D 722 2 1
17 L 0 1 1
17 L 5 2 1
17 L 14 1 1
17 L 4 2 1
17 L 15 4 1
17 D 724 1 1
17 D 724 1 1
17 D 724 4 1
18 L 11 9 1
18 L 4 8 1
18 L 7 6 1
18 L 12 4 1
18 L 10 6 1
18 D 726 9 1
18 D 726 6 1
18 D 726 6 1
19 L 4 2 1
19 L 11 1 1
19 L 10 1 1
19 L 1 1 1
19 L 8 1 1
19 L 3 3 1
19 L 9 2 1
19 D 728 2 1
19 D 728 1 1
19 D 728 1 1
19 D 728 2 1
20 L 0 5 1
20 L 5 3 1
20 D 730 5 1
21 L 8 3 1
21 L 6 5 1
21 L 14 2 1
21 L 9 7 1
21 L 1 5 1
21 L 3 4 1
21 D 732 3 1
21 D 732 2 1
21 D 732 5 1
22 L 15 1 1
22 L 3 1 1
22 L 1 1 1
22 L 9 1 1
22 D 734 1 1
22 D 734 1 1
23 L 15 5 1
23 L 7 4 1
23 L 13 3 1
23 D 736 5 1
23 D 736 3 1
24 L 5 1 1
24 L 0 1 1
24 L 14 1 1
24 L 6 1 1
24 L 4 3 1
24 L 15 2 1
24 L 10 1 1
24 D 738 1 1
24 D 738 1 1
24 D 738 3 1
24 D 738 1 1
25 L 8 1 1
25 L 15 3 1
25 L 3 2 1
25 L 4 3 1
25 D 740 1 1
25 D 740 2 1
26 L 4 5 1
26 L 0 2 1
26 L 1 1 1
26 D 742 5 1
26 D 742 1 1
27 L 4 6 1
27 L 0 8 1
27 L 11 4 1
27 L 5 2 1
27 L 1 12 1
27 D 744 6 1
27 D 744 4 1
27 D 744 12 1
28 L 11 1 1
28 L 7 4 1
28 L 12 3 1
28 L 13 2 1
28 L 0 2 1
28 L 15 3 1
28 D 746 1 1
28 D 746 3 1
28 D 746 2 1
29 L 4 1 1
29 L 15 3 1
29 L 7 3 1
29 L 13 3 1
29 D 748 1 1
29 D 748 3 1
0 L 8 1 1
0 L 15 2 1
0 L 3 4 1
0 L 1 3 1
0 L 9 3 1
0 D 601 1 1
0 D 601 4 1
0 D 601 3 1
1 L 8 5 1
1 L 6 5 1
1 L 14 2 1
1 D 647 5 1
1 D 647 2 1
2 L 11 10 1
2 L 4 5 1
2 D 669 10 1
3 L 4 2 1
3 L 11 3 1
3 L 0 1 1
3 D 685 2 1
3 D 685 1 1
4 L 14 3 1
4 L 6 2 1
4 L 1 6 1
4 L 5 5 1
4 L 0 5 1
4 L 8 4 1
4 L 9 5 1
4 L 3 7 1
4 L 4 4 1
4 L 15 4 1
4 L 2 6 1
4 L 7 2 1
4 L 11 8 1
4 L 13 7 1
4 L 10 3 1
4 L 12 3 1
4 L 14 2 1
4 L 6 1 1
4 D 695 3 1
4 D 695 6 1
4 D 695 5 1
4 D 695 5 1
4 D 695 4 1
4 D 695 6 1
4 D 695 8 1
4 D 695 3 1
4 D 695 2 1
5 L 8 3 1
5 L 9 1 1
5 L 3 1 1
5 L 15 4 1
5 D 703 3 1
5 D 703 1 1
6 L 2 3 1
6 L 8 2 1
6 L 9 6 1
6 D 711 3 1
6 D 711 6 1
7 L 15 1 1
7 L 4 1 1
7 L 9 1 1
7 L 13 1 1
7 L 8 2 1
7 L 12 1 1
7 L 1 1 1
7 L 11 1 1
7 L 14 2 1
7 L 6 1 1
7 L 10 1 1
7 L 15 5 1
7 D 719 1 1
7 D 719 1 1
7 D 719 2 1
7 D 719 1 1
7 D 719 2 1
7 D 719 1 1
8 L 4 6 1
8 L 13 3 1
8 L 15 1 1
8 L 0 2 1
8 D 723 6 1
8 D 723 1 1
9 L 8 6 1
9 L 9 5 1
9 L 3 3 1
9 L 15 1 1
9 L 14 2 1
9 D 727 6 1
9 D 727 3 1
9 D 727 2 1
10 L 4 1 1
10 L 7 2 1
10 L 12 6 1
10 L 13 2 1
10 L 15 7 1
10 L 0 5 1
10 D 731 1 1
10 D 731 6 1
10 D 731 7 1
11 L 8 2 1
11 L 9 1 1
11 L 3 3 1
11 D 735 2 1
11 D 735 3 1
12 L 5 5 1
12 L 1 4 1
12 L 14 2 1
12 L 4 3 1
12 D 739 5 1
12 D 739 2 1
13 L 8 2 1
13 L 9 5 1
13 L 3 5 1
13 L 15 2 1
13 L 6 2 1
13 L 2 4 1
13 L 14 2 1
13 L 1 6 1
13 L 4 1 1
13 D 743 2 1
13 D 743 5 1
13 D 743 2 1
13 D 743 2 1
13 D 743 1 1
14 L 4 2 1
14 L 11 5 1
14 L 0 2 1
14 L 5 4 1
14 L 12 2 1
14 D 747 2 1
14 D 747 2 1
14 D 747 2 1
15 L 4 3 1
15 L 0 5 1
15 D 750 3 1
16 L 4 2 1
16 L 5 2 1
16 L 11 2 1
16 D 752 2 1
16 D 752 2 1
17 L 10 1 1
17 L 0 4 1
17 L 11 5 1
17 D 754 1 1
17 D 754 5 1
18 L 0 3 1
18 L 11 1 1
18 L 4 1 1
18 L 10 1 1
18 L 5 3 1
18 L 1 4 1
18 L 7 1 1
18 L 12 1 1
18 L 13 3 1
18 L 15 1 1
18 L 3 2 1
18 L 6 2 1
18 L 9 4 1
18 L 2 2 1
18 L 0 3 1
18 D 756 3 1
18 D 756 1 1
18 D 756 3 1
18 D 756 1 1
18 D 756 3 1
18 D 756 2 1
18 D 756 4 1
18 D 756 3 1
19 L 15 8 1
19 L 3 3 1
19 D 758 8 1
20 L 4 2 1
20 L 7 2 1
20 L 13 2 1
20 D 760 2 1
20 D 760 2 1
21 L 10 3 1
21 L 4 4 1
21 L 0 6 1
21 L 5 2 1
21 D 762 3 1
21 D 762 6 1
22 L 1 4 1
22 L 0 6 1
22 D 764 4 1
23 L 13 2 1
23 L 7 3 1
23 D 766 2 1
24 L 4 3 1
24 L 11 4 1
24 L 0 5 1
24 L 5 7 1
24 D 768 3 1
24 D 768 5 1
25 L 15 1 1
25 L 3 2 1
25 L 13 2 1
25 L 9 2 1
25 L 4 1 1
25 D 770 1 1
25 D 770 2 1
25 D 770 1 1
26 L 11 1 1
26 L 4 2 1
26 D 772 1 1
27 L 15 4 1
27 L 4 1 1
27 D 774 4 1
28 L 6 3 1
28 L 14 6 1
28 L 8 1 1
28 L 1 5 1
28 L 2 6 1
28 L 9 3 1
28 L 5 4 1
28 L 3 3 1
28 D 776 3 1
28 D 776 1 1
28 D 776 6 1
28 D 776 4 1
29 L 10 3 1
29 L 11 4 1
29 L 4 4 1
29 D 778 3 1
29 D 778 4 1
0 L 4 6 1
0 L 0 2 1
0 L 1 3 1
0 L 5 5 1
0 L 14 3 1
0 L 15 12 1
0 L 11 1 1
0 D 631 6 1
0 D 631 3 1
0 D 631 3 1
0 D 631 1 1
1 L 0 7 1
1 L 4 5 1
1 L 5 3 1
1 D 677 7 1
1 D 677 3 1
2 L 4 2 1
2 L 11 2 1
2 L 0 2 1
2 L 7 4 1
2 L 5 1 1
2 D 699 2 1
2 D 699 2 1
2 D 699 1 1
3 L 0 2 1
3 L 4 3 1
3 L 5 2 1
3 L 11 5 1
3 L 1 3 1
3 D 715 2 1
3 D 715 2 1
3 D 715 3 1
4 L 6 3 1
4 L 8 7 1
4 L 14 5 1
4 D 725 3 1
4 D 725 5 1
5 L 1 3 1
5 L 0 3 1
5 D 733 3 1
6 L 8 2 1
6 L 14 3 1
6 L 6 5 1
6 D 741 2 1
6 D 741 5 1
7 L 4 2 1
7 L 11 1 1
7 L 7 3 1
7 L 12 1 1
7 D 749 2 1
7 D 749 3 1
8 L 15 1 1
8 L 3 2 1
8 L 8 3 1
8 L 9 3 1
8 L 4 3 1
8 L 7 3 1
8 D 753 1 1
8 D 753 3 1
8 D 753 3 1
9 L 8 3 1
9 L 14 5 1
9 L 9 2 1
9 L 6 4 1
9 D 757 3 1
9 D 757 2 1
10 L 11 2 1
10 L 10 1 1
10 L 4 1 1
10 D 761 2 1
10 D 761 1 1
11 L 8 2 1
11 L 14 1 1
11 L 3 2 1
11 L 15 1 1
11 L 0 4 1
11 L 9 4 1
11 L 4 2 1
11 L 6 3 1
11 L 5 4 1
11 L 7 1 1
11 D 765 2 1
11 D 765 2 1
11 D 765 4 1
11 D 765 2 1
11 D 765 4 1
12 L 4 5 1
12 L 7 5 1
12 D 769 5 1
13 L 11 1 1
13 L 4 4 1
13 L 12 4 1
13 L 7 5 1
13 D 773 1 1
13 D 773 4 1
14 L 4 1 1
14 L 0 1 1
14 L 11 6 1
14 D 777 1 1
14 D 777 6 1
15 L 4 7 1
15 L 7 3 1
15 L 13 3 1
15 D 780 7 1
15 D 780 3 1
16 L 8 4 1
16 L 14 6 1
16 L 9 3 1
16 L 3 6 1
16 L 6 2 1
16 L 15 4 1
16 D 782 4 1
16 D 782 3 1
16 D 782 2 1
17 L 0 2 1
17 L 14 3 1
17 D 784 2 1
18 L 4 3 1
18 L 7 3 1
18 L 13 2 1
18 L 12 6 1
18 L 11 2 1
18 L 15 4 1
18 L 0 2 1
18 L 9 1 1
18 L 8 2 1
18 L 1 1 1
18 L 5 1 1
18 L 10 1 1
18 L 14 3 1
18 L 2 2 1
18 D 786 3 1
18 D 786 2 1
18 D 786 2 1
18 D 786 2 1
18 D 786 2 1
18 D 786 1 1
18 D 786 3 1
19 L 8 5 1
19 L 9 3 1
19 L 14 5 1
19 L 6 4 1
19 L 3 3 1
19 L 15 3 1
19 L 1 3 1
19 L 2 6 1
19 L 0 7 1
19 L 5 5 1
19 L 4 4 1
19 L 7 4 1
19 D 788 5 1
19 D 788 5 1
19 D 788 3 1
19 D 788 3 1
19 D 788 7 1
19 D 788 4 1
20 L 4 4 1
20 L 15 6 1
20 L 3 4 1
20 D 790 4 1
20 D 790 4 1
21 L 0 2 1
21 L 5 2 1
21 L 1 1 1
21 L 4 4 1
21 D 792 2 1
21 D 792 1 1
22 L 4 5 1
22 L 11 5 1
22 L 0 3 1
22 D 794 5 1
22 D 794 3 1
23 L 15 6 1
23 L 3 4 1
23 L 8 1 1
23 L 4 2 1
23 L 7 4 1
23 L 14 1 1
23 L 1 7 1
23 D 796 6 1
23 D 796 1 1
23 D 796 4 1
23 D 796 7 1
24 L 4 3 1
24 L 7 2 1
24 L 11 3 1
24 L 13 1 1
24 L 15 4 1
24 L 12 2 1
24 D 798 3 1
24 D 798 3 1
24 D 798 4 1
25 L 4 4 1
25 L 7 3 1
25 L 12 2 1
25 D 800 4 1
25 D 800 2 1
26 L 4 5 1
26 L 11 3 1
26 L 0 3 1
26 L 5 5 1
26 L 10 4 1
26 L 1 1 1
26 L 7 4 1
26 L 12 4 1
26 D 802 5 1
26 D 802 3 1
26 D 802 4 1
26 D 802 4 1
27 L 4 4 1
27 L 13 4 1
27 L 15 3 1
27 L 11 4 1
27 D 804 4 1
27 D 804 3 1
28 L 11 3 1
28 L 0 2 1
28 L 15 2 1
28 D 806 3 1
28 D 806 2 1
29 L 4 4 1
29 L 7 5 1
29 L 11 3 1
29 L 13 5 1
29 L 12 2 1
29 L 15 7 1
29 D 808 4 1
29 D 808 3 1
29 D 808 2 1
0 L 8 3 1
0 L 6 2 1
0 D 661 3 1
1 L 0 2 1
1 L 4 1 1
1 L 5 4 1
1 L 11 2 1
1 L 1 4 1
1 L 7 2 1
1 L 10 6 1
1 L 14 5 1
1 L 15 6 1
1 L 13 4 1
1 L 12 1 1
1 L 3 5 1
1 L 8 4 1
1 L 6 1 1
1 L 9 2 1
1 L 2 2 1
1 D 707 2 1
1 D 707 4 1
1 D 707 4 1
1 D 707 6 1
1 D 707 6 1
1 D 707 1 1
1 D 707 4 1
1 D 707 2 1
2 L 4 3 1
2 L 7 4 1
2 L 11 4 1
2 D 729 3 1
2 D 729 4 1
3 L 4 4 1
3 L 11 4 1
3 L 0 2 1
3 L 7 1 1
3 L 5 3 1
3 L 12 6 1
3 L 13 6 1
3 D 745 4 1
3 D 745 2 1
3 D 745 3 1
3 D 745 6 1
4 L 12 1 1
4 L 4 2 1
4 D 755 1 1
5 L 8 3 1
5 L 9 6 1
5 L 3 2 1
5 L 2 3 1
5 L 6 4 1
5 D 763 3 1
5 D 763 2 1
5 D 763 4 1
6 L 15 3 1
6 L 4 1 1
6 L 7 3 1
6 L 3 1 1
6 D 771 3 1
6 D 771 3 1
7 L 10 2 1
7 L 0 2 1
7 L 11 3 1
7 L 5 3 1
7 L 1 4 1
7 L 14 5 1
7 L 12 3 1
7 L 13 1 1
7 D 779 2 1
7 D 779 3 1
7 D 779 4 1
7 D 779 3 1
8 L 1 4 1
8 L 14 5 1
8 L 5 1 1
8 L 0 3 1
8 L 6 2 1
8 L 8 5 1
8 L 4 1 1
8 L 3 3 1
8 L 9 7 1
8 L 15 4 1
8 D 783 4 1
8 D 783 1 1
8 D 783 2 1
8 D 783 1 1
8 D 783 7 1
9 L 6 5 1
9 L 14 4 1
9 L 9 4 1
9 L 1 5 1
9 L 3 1 1
9 D 787 5 1
9 D 787 4 1
9 D 787 1 1
10 L 0 2 1
10 L 5 3 1
10 L 1 2 1
10 D 791 2 1
10 D 791 2 1
11 L 6 5 1
11 L 14 3 1
11 L 8 1 1
11 L 2 2 1
11 L 1 1 1
11 L 9 1 1
11 L 3 5 1
11 D 795 5 1
11 D 795 1 1
11 D 795 1 1
11 D 795 5 1
12 L 15 1 1
12 L 3 1 1
12 L 8 1 1
12 L 4 2 1
12 L 7 4 1
12 L 13 4 1
12 L 14 1 1
12 L 1 2 1
12 D 799 1 1
12 D 799 1 1
12 D 799 4 1
12 D 799 1 1
13 L 12 4 1
13 L 11 2 1
13 L 7 5 1
13 L 13 2 1
13 L 4 3 1
13 L 10 5 1
13 D 803 4 1
13 D 803 5 1
13 D 803 3 1
14 L 0 3 1
14 L 1 2 1
14 L 5 3 1
14 L 4 4 1
14 D 807 3 1
14 D 807 3 1
15 L 4 4 1
15 L 0 6 1
15 L 7 6 1
15 L 11 4 1
15 D 810 4 1
15 D 810 6 1
16 L 1 4 1
16 L 14 8 1
16 L 5 3 1
16 D 812 4 1
16 D 812 3 1
17 L 11 1 1
17 L 15 2 1
17 D 814 1 1
18 L 0 4 1
18 L 5 9 1
18 D 816 4 1
19 L 10 4 1
19 L 0 3 1
19 L 5 4 1
19 L 11 5 1
19 D 818 4 1
19 D 818 4 1
20 L 1 4 1
20 L 0 5 1
20 L 5 3 1
20 L 14 3 1
20 D 820 4 1
20 D 820 3 1
21 L 0 4 1
21 L 1 3 1
21 L 5 2 1
21 D 822 4 1
21 D 822 2 1
22 L 4 3 1
22 L 0 4 1
22 L 1 2 1
22 D 824 3 1
22 D 824 2 1
23 L 3 3 1
23 L 8 1 1
23 L 2 2 1
23 L 13 2 1
23 L 4 1 1
23 L 6 1 1
23 D 826 3 1
23 D 826 2 1
23 D 826 1 1
24 L 0 12 1
24 L 5 4 1
24 L 1 1 1
24 L 4 4 1
24 L 14 2 1
24 L 11 3 1
24 L 10 1 1
24 L 6 5 1
24 L 7 1 1
24 D 828 12 1
24 D 828 1 1
24 D 828 2 1
24 D 828 1 1
24 D 828 1 1
25 L 0 5 1
25 L 10 4 1
25 L 11 2 1
25 L 4 1 1
25 L 5 3 1
25 L 1 1 1
25 L 7 4 1
25 L 14 1 1
25 D 830 5 1
25 D 830 2 1
25 D 830 3 1
25 D 830 4 1
26 L 6 7 1
26 L 8 5 1
26 L 2 4 1
26 L 14 7 1
26 L 9 3 1
26 D 832 7 1
26 D 832 4 1
26 D 832 3 1
27 L 10 2 1
27 L 11 2 1
27 L 4 3 1
27 L 5 1 1
27 D 834 2 1
27 D 834 3 1
28 L 13 1 1
28 L 4 1 1
28 L 11 1 1
28 D 836 1 1
28 D 836 1 1
29 L 4 6 1
29 L 11 1 1
29 L 7 5 1
29 L 12 3 1
29 L 13 7 1
29 D 838 6 1
29 D 838 5 1
29 D 838 7 1
0 L 4 6 1
0 L 7 2 1
0 L 13 6 1
0 L 11 5 1
0 L 12 9 1
0 D 691 6 1
0 D 691 6 1
0 D 691 9 1
1 L 8 3 1
1 L 9 3 1
1 L 15 4 1
1 L 6 2 1
1 L 14 6 1
1 L 2 2 1
1 L 1 1 1
1 D 737 3 1
1 D 737 4 1
1 D 737 6 1
1 D 737 1 1
2 L 11 1 1
2 L 4 2 1
2 L 12 2 1
2 L 10 1 1
2 D 759 1 1
2 D 759 2 1
3 L 0 8 1
3 L 5 1 1
3 L 1 7 1
3 L 4 9 1
3 D 775 8 1
3 D 775 7 1
4 L 4 2 1
4 L 11 2 1
4 L 7 1 1
4 D 785 2 1
4 D 785 1 1
5 L 4 3 1
5 L 11 3 1
5 L 0 5 1
5 L 7 4 1
5 L 5 6 1
5 L 13 4 1
5 L 12 8 1
5 L 1 5 1
5 L 15 5 1
5 D 793 3 1
5 D 793 5 1
5 D 793 6 1
5 D 793 8 1
5 D 793 5 1
6 L 15 5 1
6 L 3 5 1
6 L 9 3 1
6 D 801 5 1
6 D 801 3 1
7 L 0 1 1
7 L 5 6 1
7 L 1 3 1
7 D 809 1 1
7 D 809 3 1
8 L 0 1 1
8 L 5 2 1
8 L 4 2 1
8 D 813 1 1
8 D 813 2 1
9 L 4 2 1
9 L 7 3 1
9 L 13 3 1
9 D 817 2 1
9 D 817 3 1
10 L 1 5 1
10 L 0 2 1
10 L 14 2 1
10 L 8 5 1
10 L 4 3 1
10 D 821 5 1
10 D 821 2 1
10 D 821 3 1
11 L 7 2 1
11 L 13 4 1
11 L 12 4 1
11 L 4 3 1
11 L 11 2 1
11 D 825 2 1
11 D 825 4 1
11 D 825 2 1
12 L 15 4 1
12 L 4 4 1
12 D 829 4 1
13 L 15 3 1
13 L 3 1 1
13 L 8 1 1
13 L 9 2 1
13 L 1 1 1
13 D 833 3 1
13 D 833 1 1
13 D 833 1 1
14 L 4 6 1
14 L 5 7 1
14 L 11 5 1
14 L 1 4 1
14 D 837 6 1
14 D 837 5 1
15 L 5 1 1
15 L 0 1 1
15 L 6 1 1
15 D 840 1 1
15 D 840 1 1
16 L 7 1 1
16 L 13 2 1
16 L 4 1 1
16 L 12 1 1
16 D 842 1 1
16 D 842 1 1
17 L 15 2 1
17 L 7 2 1
17 L 13 4 1
17 D 844 2 1
17 D 844 4 1
18 L 11 6 1
18 L 4 5 1
18 L 12 3 1
18 L 7 5 1
18 L 13 5 1
18 L 10 9 1
18 L 15 4 1
18 D 846 6 1
18 D 846 3 1
18 D 846 5 1
18 D 846 4 1
19 L 4 2 1
19 L 11 1 1
19 L 0 3 1
19 L 5 2 1
19 L 1 1 1
19 L 12 2 1
19 L 10 2 1
19 L 14 5 1
19 D 848 2 1
19 D 848 3 1
19 D 848 1 1
19 D 848 2 1
20 L 1 2 1
20 L 0 3 1
20 D 850 2 1
21 L 4 4 1
21 L 7 4 1
21 L 13 2 1
21 L 11 3 1
21 L 3 4 1
21 L 0 5 1
21 L 9 4 1
21 D 852 4 1
21 D 852 2 1
21 D 852 4 1
21 D 852 4 1
22 L 6 2 1
22 L 14 1 1
22 D 854 2 1
23 L 4 3 1
23 L 7 9 1
23 L 11 3 1
23 L 13 3 1
23 L 15 7 1
23 L 12 5 1
23 D 856 3 1
23 D 856 3 1
23 D 856 7 1
24 L 0 2 1
24 L 1 1 1
24 L 5 3 1
24 L 4 6 1
24 L 14 4 1
24 D 858 2 1
24 D 858 3 1
24 D 858 4 1
25 L 7 2 1
25 L 15 3 1
25 D 860 2 1
26 L 11 4 1
26 L 12 2 1
26 L 7 3 1
26 L 13 2 1
26 L 0 2 1
26 D 862 4 1
26 D 862 3 1
26 D 862 2 1
27 L 5 3 1
27 L 14 2 1
27 L 4 3 1
27 L 6 4 1
27 L 10 1 1
27 D 864 3 1
27 D 864 3 1
27 D 864 1 1
28 L 8 5 1
28 L 9 7 1
28 L 3 6 1
28 D 866 5 1
28 D 866 6 1
29 L 15 2 1
29 L 3 2 1
29 L 7 2 1
29 L 9 1 1
29 D 868 2 1
29 D 868 2 1
0 L 0 5 1
0 L 4 3 1
0 L 5 7 1
0 L 1 4 1
0 L 11 4 1
0 L 14 1 1
0 L 7 4 1
0 L 15 5 1
0 L 8 4 1
0 L 10 3 1
0 L 3 9 1
0 L 13 7 1
0 L 6 3 1
0 L 9 5 1
0 L 12 8 1
0 L 2 4 1
0 L 1 1 1
0 D 721 5 1
0 D 721 7 1
0 D 721 4 1
0 D 721 4 1
0 D 721 4 1
0 D 721 9 1
0 D 721 3 1
0 D 721 8 1
0 D 721 1 1
1 L 4 3 1
1 L 0 7 1
1 L 11 5 1
1 L 7 3 1
1 L 1 5 1
1 L 5 4 1
1 L 15 6 1
1 L 13 2 1
1 L 3 5 1
1 L 14 6 1
1 D 767 3 1
1 D 767 5 1
1 D 767 5 1
1 D 767 6 1
1 D 767 5 1
2 L 14 2 1
2 L 8 3 1
2 D 789 2 1
3 L 4 5 1
3 L 7 4 1
3 L 13 6 1
3 L 12 2 1
3 L 15 8 1
3 D 805 5 1
3 D 805 6 1
3 D 805 8 1
4 L 4 6 1
4 L 0 3 1
4 L 1 4 1
4 L 5 3 1
4 D 815 6 1
4 D 815 4 1
5 L 11 2 1
5 L 10 1 1
5 L 4 2 1
5 L 12 3 1
5 D 823 2 1
5 D 823 2 1
6 L 11 5 1
6 L 10 3 1
6 L 4 4 1
6 L 12 4 1
6 L 7 5 1
6 L 0 2 1
6 D 831 5 1
6 D 831 4 1
6 D 831 5 1
7 L 4 5 1
7 L 15 4 1
7 L 7 3 1
7 D 839 5 1
7 D 839 3 1
8 L 1 1 1
8 L 5 1 1
8 L 11 1 1
8 L 7 2 1
8 L 14 1 1
8 L 13 1 1
8 D 843 1 1
8 D 843 1 1
8 D 843 1 1
9 L 8 5 1
9 L 9 5 1
9 L 3 5 1
9 L 15 5 1
9 D 847 5 1
9 D 847 5 1
10 L 2 6 1
10 L 8 3 1
10 L 9 3 1
10 D 851 6 1
10 D 851 3 1
11 L 3 1 1
11 L 9 1 1
11 L 8 1 1
11 L 7 3 1
11 D 855 1 1
11 D 855 1 1
12 L 3 7 1
12 L 15 1 1
12 L 8 3 1
12 L 9 1 1
12 L 4 3 1
12 L 14 1 1
12 L 13 3 1
12 L 6 4 1
12 L 0 11 1
12 D 859 7 1
12 D 859 3 1
12 D 859 3 1
12 D 859 3 1
12 D 859 11 1
13 L 11 6 1
13 L 4 3 1
13 L 12 4 1
13 L 7 2 1
13 L 0 3 1
13 D 863 6 1
13 D 863 4 1
13 D 863 3 1
14 L 0 6 1
14 L 5 3 1
14 L 1 4 1
14 L 4 2 1
14 L 10 4 1
14 L 11 4 1
14 L 14 5 1
14 L 6 2 1
14 L 7 2 1
14 L 8 4 1
14 D 867 6 1
14 D 867 4 1
14 D 867 4 1
14 D 867 5 1
14 D 867 2 1
15 L 0 3 1
15 L 4 3 1
15 D 870 3 1
16 L 7 2 1
16 L 13 2 1
16 L 12 1 1
16 L 15 1 1
16 D 872 2 1
16 D 872 1 1
17 L 15 4 1
17 L 7 4 1
17 L 13 4 1
17 L 4 5 1
17 L 3 2 1
17 L 9 6 1
17 D 874 4 1
17 D 874 4 1
17 D 874 2 1
18 L 0 7 1
18 L 5 4 1
18 L 4 5 1
18 L 11 2 1
18 D 876 7 1
18 D 876 5 1
19 L 4 4 1
19 L 11 1 1
19 D 878 4 1
20 L 4 2 1
20 L 7 4 1
20 L 11 4 1
20 D 880 2 1
20 D 880 4 1
21 L 12 3 1
21 L 7 2 1
21 L 13 2 1
21 L 11 4 1
21 D 882 3 1
21 D 882 2 1
22 L 3 4 1
22 L 8 2 1
22 L 9 3 1
22 L 15 3 1
22 L 4 2 1
22 D 884 4 1
22 D 884 3 1
22 D 884 2 1
23 L 8 2 1
23 L 9 2 1
23 L 3 5 1
23 D 886 2 1
23 D 886 5 1
24 L 9 3 1
24 L 8 2 1
24 L 3 2 1
24 L 2 8 1
24 L 15 4 1
24 L 6 5 1
24 D 888 3 1
24 D 888 2 1
24 D 888 4 1
25 L 11 2 1
25 L 0 1 1
25 L 7 2 1
25 L 5 1 1
25 D 890 2 1
25 D 890 2 1
26 L 1 4 1
26 L 0 7 1
26 L 5 4 1
26 L 14 5 1
26 L 4 7 1
26 D 892 4 1
26 D 892 4 1
26 D 892 7 1
27 L 10 4 1
27 L 11 4 1
27 D 894 4 1
28 L 4 4 1
28 L 11 3 1
28 L 7 1 1
28 D 896 4 1
28 D 896 1 1
29 L 8 2 1
29 L 14 6 1
29 D 898 2 1
0 L 14 1 1
0 L 8 1 1
0 L 3 2 1
0 L 15 1 1
0 L 9 2 1
0 L 13 1 1
0 D 751 1 1
0 D 751 2 1
0 D 751 2 1
1 L 0 2 1
1 L 5 3 1
1 D 797 2 1
2 L 11 1 1
2 L 4 2 1
2 L 12 2 1
2 L 0 2 1
2 L 15 2 1
2 D 819 1 1
2 D 819 2 1
2 D 819 2 1
3 L 6 4 1
3 L 14 5 1
3 L 8 9 1
3 L 1 6 1
3 L 2 7 1
3 L 9 4 1
3 L 5 2 1
3 D 835 4 1
3 D 835 9 1
3 D 835 7 1
3 D 835 2 1
4 L 1 8 1
4 L 14 6 1
4 L 0 3 1
4 L 5 5 1
4 L 8 2 1
4 L 6 7 1
4 L 4 3 1
4 D 845 8 1
4 D 845 3 1
4 D 845 2 1
4 D 845 3 1
5 L 7 7 1
5 L 13 6 1
5 L 15 1 1
5 L 4 2 1
5 L 12 1 1
5 L 3 1 1
5 L 9 3 1
5 D 853 7 1
5 D 853 1 1
5 D 853 1 1
5 D 853 3 1
6 L 0 1 1
6 L 5 2 1
6 L 1 3 1
6 L 14 3 1
6 L 11 2 1
6 D 861 1 1
6 D 861 3 1
6 D 861 2 1
7 L 0 2 1
7 L 5 1 1
7 D 869 2 1
8 L 15 1 1
8 L 3 1 1
8 L 4 4 1
8 D 873 1 1
8 D 873 4 1
9 L 14 2 1
9 L 6 5 1
9 L 5 1 1
9 L 8 2 1
9 L 9 3 1
9 L 3 2 1
9 L 15 1 1
9 L 4 1 1
9 L 2 3 1
9 L 7 3 1
9 L 13 4 1
9 L 10 1 1
9 L 12 1 1
9 L 14 8 1
9 L 6 7 1
9 L 1 3 1
9 D 877 2 1
9 D 877 1 1
9 D 877 3 1
9 D 877 1 1
9 D 877 3 1
9 D 877 4 1
9 D 877 1 1
9 D 877 7 1
10 L 4 4 1
10 L 0 4 1
10 L 11 1 1
10 L 5 3 1
10 L 1 2 1
10 D 881 4 1
10 D 881 1 1
10 D 881 2 1
11 L 4 4 1
11 L 11 4 1
11 L 7 3 1
11 L 0 1 1
11 L 13 2 1
11 L 12 4 1
11 D 885 4 1
11 D 885 3 1
11 D 885 2 1
12 L 0 7 1
12 L 4 4 1
12 L 11 8 1
12 D 889 7 1
12 D 889 8 1
13 L 15 6 1
13 L 9 2 1
13 L 8 1 1
13 L 7 2 1
13 D 893 6 1
13 D 893 1 1
14 L 4 1 1
14 L 7 1 1
14 L 15 1 1
14 D 897 1 1
14 D 897 1 1
15 L 4 1 1
15 L 0 1 1
15 L 7 1 1
15 L 13 2 1
15 L 1 1 1
15 L 8 1 1
15 L 9 4 1
15 D 900 1 1
15 D 900 1 1
15 D 900 1 1
15 D 900 4 1
16 L 8 3 1
16 L 3 1 1
16 L 14 4 1
16 L 1 1 1
16 L 9 3 1
16 L 4 1 1
16 L 0 1 1
16 L 6 1 1
16 L 5 1 1
16 L 7 2 1
16 L 13 4 1
16 L 11 5 1
16 L 2 1 1
16 L 12 2 1
16 L 10 3 1
16 L 8 2 1
16 L 3 4 1
16 D 902 3 1
16 D 902 4 1
16 D 902 3 1
16 D 902 1 1
16 D 902 1 1
16 D 902 4 1
16 D 902 1 1
16 D 902 3 1
16 D 902 4 1
17 L 15 4 1
17 L 3 2 1
17 L 4 3 1
17 L 9 2 1
17 L 7 1 1
17 D 904 4 1
17 D 904 3 1
17 D 904 1 1
18 L 4 2 1
18 L 0 4 1
18 L 5 2 1
18 D 906 2 1
18 D 906 2 1
19 L 7 7 1
19 L 12 6 1
19 L 4 3 1
19 L 11 3 1
19 L 13 6 1
19 L 15 2 1
19 L 3 1 1
19 L 0 5 1
19 L 10 3 1
19 L 9 3 1
19 D 908 7 1
19 D 908 3 1
19 D 908 6 1
19 D 908 1 1
19 D 908 3 1
20 L 4 3 1
20 L 11 6 1
20 L 7 6 1
20 L 0 5 1
20 L 10 5 1
20 D 910 3 1
20 D 910 6 1
20 D 910 5 1
21 L 11 6 1
21 L 10 7 1
21 L 4 3 1
21 L 12 1 1
21 D 912 6 1
21 D 912 3 1
22 L 0 2 1
22 L 5 2 1
22 L 1 3 1
22 L 14 5 1
22 L 4 5 1
22 L 6 1 1
22 L 11 4 1
22 L 8 5 1
22 L 15 3 1
22 L 10 3 1
22 L 7 4 1
22 L 3 3 1
22 L 9 4 1
22 L 13 2 1
22 L 12 5 1
22 L 2 4 1
22 L 0 2 1
22 D 914 2 1
22 D 914 3 1
22 D 914 5 1
22 D 914 4 1
22 D 914 3 1
22 D 914 4 1
22 D 914 4 1
22 D 914 5 1
22 D 914 2 1
23 L 15 3 1
23 L 3 3 1
23 L 13 6 1
23 L 9 6 1
23 L 7 4 1
23 L 8 2 1
23 D 916 3 1
23 D 916 6 1
23 D 916 4 1
24 L 4 1 1
24 L 15 5 1
24 L 7 3 1
24 L 3 3 1
24 L 13 4 1
24 L 0 14 1
24 L 1 6 1
24 D 918 1 1
24 D 918 3 1
24 D 918 4 1
24 D 918 6 1
25 L 0 4 1
25 L 1 3 1
25 D 920 4 1
26 L 2 8 1
26 L 8 3 1
26 L 9 5 1
26 D 922 8 1
26 D 922 5 1
27 L 10 1 1
27 L 4 1 1
27 L 7 5 1
27 D 924 1 1
27 D 924 5 1
28 L 7 8 1
28 L 4 2 1
28 L 13 2 1
28 L 12 2 1
28 D 926 8 1
28 D 926 2 1
29 L 8 1 1
29 L 1 2 1
29 L 3 2 1
29 D 928 1 1
29 D 928 2 1
0 L 1 6 1
0 L 5 1 1
0 L 0 5 1
0 D 781 6 1
0 D 781 5 1
1 L 8 1 1
1 L 14 1 1
1 L 6 1 1
1 D 827 1 1
1 D 827 1 1
2 L 0 1 1
2 L 5 1 1
2 L 1 2 1
2 L 14 3 1
2 D 849 1 1
2 D 849 2 1
3 L 3 2 1
3 L 15 5 1
3 L 9 2 1
3 L 8 4 1
3 D 865 2 1
3 D 865 2 1
4 L 15 1 1
4 L 3 1 1
4 L 8 3 1
4 L 9 1 1
4 D 875 1 1
4 D 875 3 1
5 L 0 1 1
5 L 11 1 1
5 L 10 1 1
5 D 883 1 1
5 D 883 1 1
6 L 4 4 1
6 L 1 2 1
6 L 14 1 1
6 L 15 1 1
6 L 8 1 1
6 L 5 1 1
6 L 3 2 1
6 L 9 2 1
6 L 7 2 1
6 L 6 5 1
6 D 891 4 1
6 D 891 1 1
6 D 891 1 1
6 D 891 2 1
6 D 891 2 1
7 L 6 2 1
7 L 2 1 1
7 D 899 2 1
8 L 14 3 1
8 L 1 6 1
8 L 6 2 1
8 L 8 1 1
8 D 903 3 1
8 D 903 2 1
9 L 12 3 1
9 L 7 7 1
9 L 11 4 1
9 D 907 3 1
9 D 907 4 1
10 L 11 2 1
10 L 4 2 1
10 L 12 1 1
10 D 911 2 1
10 D 911 1 1
11 L 0 2 1
11 L 5 2 1
11 L 1 5 1
11 L 14 4 1
11 L 4 3 1
11 L 6 5 1
11 L 11 3 1
11 L 10 4 1
11 L 8 2 1
11 L 15 3 1
11 D 915 2 1
11 D 915 5 1
11 D 915 3 1
11 D 915 3 1
11 D 915 2 1
12 L 1 3 1
12 L 8 1 1
12 L 0 1 1
12 L 3 4 1
12 L 15 1 1
12 L 4 2 1
12 D 919 3 1
12 D 919 1 1
12 D 919 1 1
13 L 1 5 1
13 L 14 1 1
13 L 0 4 1
13 L 5 3 1
13 D 923 5 1
13 D 923 4 1
14 L 15 5 1
14 L 3 9 1
14 L 9 4 1
14 L 13 7 1
14 D 927 5 1
14 D 927 4 1
15 L 11 2 1
15 L 7 5 1
15 L 12 3 1
15 L 13 2 1
15 L 0 1 1
15 L 15 2 1
15 D 930 2 1
15 D 930 3 1
15 D 930 1 1
16 L 0 6 1
16 L 4 1 1
16 L 5 2 1
16 D 932 6 1
16 D 932 2 1
17 L 10 2 1
17 L 11 2 1
17 L 4 4 1
17 L 0 3 1
17 L 5 9 1
17 L 1 3 1
17 L 7 3 1
17 D 934 2 1
17 D 934 4 1
17 D 934 9 1
17 D 934 3 1
18 L 4 3 1
18 L 7 4 1
18 L 11 1 1
18 L 13 3 1
18 D 936 3 1
18 D 936 1 1
19 L 15 1 1
19 L 0 1 1
19 L 1 1 1
19 D 938 1 1
19 D 938 1 1
20 L 4 2 1
20 L 11 3 1
20 L 7 2 1
20 L 13 2 1
20 L 0 2 1
20 L 15 2 1
20 L 10 2 1
20 L 3 1 1
20 D 940 2 1
20 D 940 2 1
20 D 940 2 1
20 D 940 2 1
21 L 1 2 1
21 L 14 1 1
21 L 0 3 1
21 D 942 2 1
21 D 942 3 1
22 L 10 5 1
22 L 11 9 1
22 D 944 5 1
23 L 4 3 1
23 L 7 7 1
23 L 12 7 1
23 L 11 6 1
23 L 13 2 1
23 L 15 8 1
23 L 3 3 1
23 D 946 3 1
23 D 946 7 1
23 D 946 2 1
23 D 946 3 1
24 L 0 5 1
24 L 5 3 1
24 L 1 5 1
24 L 4 6 1
24 L 10 5 1
24 D 948 5 1
24 D 948 5 1
24 D 948 5 1
25 L 8 4 1
25 L 9 4 1
25 L 3 3 1
25 L 15 1 1
25 D 950 4 1
25 D 950 3 1
26 L 11 6 1
26 L 10 3 1
26 L 4 4 1
26 D 952 6 1
26 D 952 4 1
27 L 15 4 1
27 L 3 3 1
27 L 8 4 1
27 L 9 4 1
27 D 954 4 1
27 D 954 4 1
28 L 8 1 1
28 L 9 4 1
28 L 3 2 1
28 L 15 1 1
28 L 2 2 1
28 L 6 3 1
28 L 14 3 1
28 L 1 2 1
28 L 4 2 1
28 L 13 3 1
28 L 0 3 1
28 L 5 1 1
28 L 12 5 1
28 L 11 1 1
28 L 10 2 1
28 L 8 3 1
28 D 956 1 1
28 D 956 2 1
28 D 956 2 1
28 D 956 3 1
28 D 956 2 1
28 D 956 3 1
28 D 956 5 1
28 D 956 2 1
29 L 8 1 1
29 L 3 2 1
29 L 14 4 1
29 L 15 2 1
29 D 958 1 1
29 D 958 4 1
0 L 0 5 1
0 L 11 5 1
0 L 10 1 1
0 L 5 3 1
0 L 1 7 1
0 L 7 2 1
0 D 811 5 1
0 D 811 1 1
0 D 811 7 1
1 L 15 4 1
1 L 3 4 1
1 D 857 4 1
2 L 1 1 1
2 L 14 3 1
2 L 8 1 1
2 L 0 3 1
2 L 5 1 1
2 D 879 1 1
2 D 879 1 1
2 D 879 1 1
3 L 11 2 1
3 L 10 4 1
3 L 4 3 1
3 L 12 7 1
3 D 895 2 1
3 D 895 3 1
4 L 10 2 1
4 L 11 1 1
4 L 0 4 1
4 L 4 1 1
4 L 5 7 1
4 L 1 2 1
4 L 7 4 1
4 D 905 2 1
4 D 905 4 1
4 D 905 7 1
4 D 905 4 1
5 L 11 1 1
5 L 4 6 1
5 L 10 3 1
5 D 913 1 1
5 D 913 3 1
6 L 4 5 1
6 L 7 2 1
6 L 11 4 1
6 L 12 1 1
6 D 921 5 1
6 D 921 4 1
7 L 8 1 1
7 L 6 1 1
7 L 15 1 1
7 L 3 2 1
7 D 929 1 1
7 D 929 1 1
8 L 8 1 1
8 L 12 2 1
8 L 10 2 1
8 L 8 1 1
8 L 9 1 1
8 L 3 1 1
8 D 933 1 1
8 D 933 2 1
8 D 933 1 1
9 L 4 1 1
9 L 7 1 1
9 D 937 1 1
10 L 4 2 1
10 L 15 3 1
10 L 3 7 1
10 L 8 4 1
10 L 1 1 1
10 L 0 3 1
10 D 941 2 1
10 D 941 7 1
10 D 941 1 1
11 L 8 1 1
11 L 5 1 1
11 L 9 2 1
11 D 945 1 1
11 D 945 2 1
12 L 10 2 1
12 L 11 1 1
12 L 4 1 1
12 L 0 1 1
12 L 12 1 1
12 D 949 2 1
12 D 949 1 1
12 D 949 1 1
13 L 8 5 1
13 L 9 2 1
13 L 3 4 1
13 L 14 4 1
13 D 953 5 1
13 D 953 4 1
14 L 2 4 1
14 L 8 4 1
14 L 9 5 1
14 L 6 4 1
14 D 957 4 1
14 D 957 5 1
15 L 9 1 1
15 L 4 1 1
15 D 960 1 1
16 L 15 1 1
16 L 7 4 1
16 L 4 1 1
16 L 13 4 1
16 L 3 1 1
16 L 9 2 1
16 L 12 1 1
16 D 962 1 1
16 D 962 1 1
16 D 962 1 1
16 D 962 1 1
17 L 4 1 1
17 L 7 5 1
17 L 13 4 1
17 L 3 2 1
17 L 9 4 1
17 L 12 4 1
17 L 11 2 1
17 L 8 3 1
17 L 0 2 1
17 D 964 1 1
17 D 964 4 1
17 D 964 4 1
17 D 964 2 1
17 D 964 2 1
18 L 8 3 1
18 L 9 3 1
18 L 3 3 1
18 L 15 4 1
18 D 966 3 1
18 D 966 3 1
19 L 11 6 1
19 L 4 2 1
19 L 10 4 1
19 D 968 6 1
19 D 968 4 1
20 L 5 1 1
20 L 7 1 1
20 D 970 1 1
21 L 4 1 1
21 L 11 1 1
21 L 10 1 1
21 D 972 1 1
21 D 972 1 1
22 L 0 2 1
22 L 1 3 1
22 L 14 3 1
22 L 4 2 1
22 D 974 2 1
22 D 974 3 1
23 L 11 3 1
23 L 12 1 1
23 L 7 3 1
23 D 976 3 1
23 D 976 3 1
24 L 0 2 1
24 L 1 1 1
24 D 978 2 1
25 L 1 7 1
25 L 0 1 1
25 L 14 4 1
25 L 5 3 1
25 L 4 3 1
25 D 980 7 1
25 D 980 4 1
25 D 980 3 1
26 L 11 1 1
26 L 7 3 1
26 L 4 2 1
26 L 15 2 1
26 L 10 7 1
26 L 3 9 1
26 L 0 5 1
26 L 9 4 1
26 L 5 3 1
26 L 1 3 1
26 L 8 2 1
26 L 14 3 1
26 D 982 1 1
26 D 982 2 1
26 D 982 7 1
26 D 982 5 1
26 D 982 3 1
26 D 982 2 1
27 L 4 1 1
27 L 0 3 1
27 D 984 1 1
28 L 4 1 1
28 L 11 5 1
28 L 0 3 1
28 L 7 4 1
28 L 10 2 1
28 L 5 3 1
28 L 12 3 1
28 L 13 1 1
28 D 986 1 1
28 D 986 3 1
28 D 986 2 1
28 D 986 3 1
29 L 4 3 1
29 L 0 6 1
29 L 1 4 1
29 L 5 6 1
29 L 15 5 1
29 D 988 3 1
29 D 988 4 1
29 D 988 5 1
0 L 8 3 1
0 L 3 1 1
0 L 9 1 1
0 L 15 1 1
0 L 14 1 1
0 L 6 2 1
0 L 1 1 1
0 D 841 3 1
0 D 841 1 1
0 D 841 1 1
0 D 841 1 1
1 L 7 1 1
1 L 15 2 1
1 L 4 3 1
1 D 887 1 1
1 D 887 3 1
2 L 4 2 1
2 L 15 3 1
2 L 7 4 1
2 L 13 3 1
2 L 9 3 1
2 D 909 2 1
2 D 909 4 1
2 D 909 3 1
3 L 11 3 1
3 L 4 3 1
3 L 10 2 1
3 D 925 3 1
3 D 925 2 1
4 L 0 6 1
4 L 4 3 1
4 L 11 2 1
4 L 1 3 1
4 L 10 5 1
4 L 7 5 1
4 L 14 6 1
4 L 13 4 1
4 D 935 6 1
4 D 935 2 1
4 D 935 5 1
4 D 935 6 1
5 L 10 4 1
5 L 11 3 1
5 L 4 3 1
5 L 1 1 1
5 L 7 1 1
5 L 12 2 1
5 L 3 1 1
5 L 6 4 1
5 L 9 1 1
5 L 2 3 1
5 D 943 4 1
5 D 943 3 1
5 D 943 1 1
5 D 943 1 1
5 D 943 1 1
6 L 0 2 1
6 L 1 5 1
6 L 5 2 1
6 D 951 2 1
6 D 951 2 1
7 L 15 2 1
7 L 3 1 1
7 D 959 2 1
8 L 8 2 1
8 L 3 4 1
8 L 9 3 1
8 D 963 2 1
8 D 963 3 1
9 L 7 2 1
9 L 13 1 1
9 D 967 2 1
10 L 15 1 1
10 L 3 3 1
10 L 9 3 1
10 L 13 1 1
10 L 7 2 1
10 L 8 2 1
10 D 971 1 1
10 D 971 3 1
10 D 971 2 1
11 L 8 6 1
11 L 9 3 1
11 L 3 5 1
11 L 15 10 1
11 D 975 6 1
11 D 975 5 1
12 L 5 2 1
12 L 0 3 1
12 D 979 2 1
13 L 0 4 1
13 L 5 5 1
13 L 4 2 1
13 L 1 2 1
13 L 10 6 1
13 D 983 4 1
13 D 983 2 1
13 D 983 6 1
14 L 15 2 1
14 L 3 1 1
14 L 9 4 1
14 D 987 2 1
14 D 987 4 1
15 L 6 1 1
15 L 8 3 1
15 L 14 2 1
15 D 990 1 1
15 D 990 2 1
16 L 4 2 1
16 L 0 2 1
16 L 11 3 1
16 L 5 6 1
16 D 992 2 1
16 D 992 3 1
17 L 11 5 1
17 L 4 2 1
17 L 12 6 1
17 D 994 5 1
17 D 994 6 1
18 L 4 6 1
18 L 11 5 1
18 L 7 10 1
18 D 996 6 1
18 D 996 10 1
19 L 1 4 1
19 L 14 4 1
19 L 5 2 1
19 D 998 4 1
19 D 998 2 1
0 L 2 3 1
0 L 8 1 1
0 L 9 2 1
0 D 871 3 1
0 D 871 2 1
1 L 11 3 1
1 L 4 1 1
1 L 7 7 1
1 L 12 3 1
1 L 13 3 1
1 L 10 2 1
1 L 0 2 1
1 L 15 3 1
1 L 5 2 1
1 D 917 3 1
1 D 917 7 1
1 D 917 3 1
1 D 917 2 1
1 D 917 2 1
2 L 15 3 1
2 L 3 3 1
2 L 8 4 1
2 L 9 5 1
2 L 4 4 1
2 D 939 3 1
2 D 939 4 1
2 D 939 4 1
3 L 11 4 1
3 L 4 3 1
3 L 10 3 1
3 L 12 3 1
3 L 7 2 1
3 D 955 4 1
3 D 955 3 1
3 D 955 2 1
4 L 4 2 1
4 L 7 2 1
4 L 13 3 1
4 L 11 2 1
4 L 15 3 1
4 L 12 3 1
4 L 3 5 1
4 D 965 2 1
4 D 965 3 1
4 D 965 3 1
4 D 965 5 1
5 L 0 3 1
5 L 5 3 1
5 L 4 3 1
5 L 14 1 1
5 L 11 1 1
5 L 6 3 1
5 L 7 1 1
5 L 8 1 1
5 L 15 1 1
5 L 10 3 1
5 L 3 2 1
5 L 9 2 1
5 D 973 3 1
5 D 973 3 1
5 D 973 1 1
5 D 973 1 1
5 D 973 1 1
5 D 973 2 1
6 L 9 1 1
6 L 8 3 1
6 D 981 1 1
7 L 6 5 1
7 L 1 9 1
7 L 8 2 1
7 L 5 6 1
7 L 0 4 1
7 D 989 5 1
7 D 989 2 1
7 D 989 4 1
8 L 0 2 1
8 L 1 4 1
8 L 5 2 1
8 L 4 1 1
8 L 14 1 1
8 L 8 2 1
8 D 993 2 1
8 D 993 2 1
8 D 993 1 1
9 L 7 3 1
9 L 12 2 1
9 L 11 3 1
9 L 15 1 1
9 L 3 1 1
9 L 9 1 1
9 D 997 3 1
9 D 997 3 1
9 D 997 1 1
0 L 15 9 1
0 L 3 8 1
0 L 4 7 1
0 L 7 5 1
0 L 9 5 1
0 D 901 9 1
0 D 901 7 1
0 D 901 5 1
1 L 3 3 1
1 L 9 5 1
1 L 15 4 1
1 L 14 2 1
1 D 947 3 1
1 D 947 4 1
2 L 8 1 1
2 L 13 1 1
2 L 4 1 1
2 L 1 2 1
2 D 969 1 1
2 D 969 1 1
3 L 7 4 1
3 L 4 4 1
3 L 13 2 1
3 D 985 4 1
3 D 985 2 1
4 L 14 4 1
4 L 6 1 1
4 L 1 1 1
4 D 995 4 1
4 D 995 1 1
0 L 8 5 1
0 L 14 7 1
0 L 1 3 1
0 L 3 4 1
0 D 931 5 1
0 D 931 3 1
1 L 7 5 1
1 L 13 2 1
1 L 15 2 1
1 L 4 3 1
1 L 12 2 1
1 D 977 5 1
1 D 977 2 1
1 D 977 2 1
2 L 4 1 1
2 L 7 6 1
2 D 999 1 1
0 L 14 4 1
0 L 0 4 1
0 L 5 3 1
0 L 8 3 1
0 L 4 3 1
0 L 6 2 1
0 L 15 1 1
0 L 9 3 1
0 L 7 5 1
0 L 2 6 1
0 L 10 1 1
0 L 1 1 1
0 D 961 4 1
0 D 961 3 1
0 D 961 3 1
0 D 961 1 1
0 D 961 5 1
0 D 961 1 1
